0.000000 0.000000 0.000000 0.000000 -0.000000 -0.000000 -0.000000 1.000000
0.100000 0.780517 -0.013484 0.011149 0.000255 -0.001516 -0.002688 0.999995
0.200000 1.585885 -0.030600 0.012301 -0.000703 -0.002629 -0.012430 0.999919
0.300000 2.417888 -0.072031 0.018161 -0.000412 -0.003734 -0.021530 0.999761
0.400000 3.280869 -0.117692 0.025374 0.000744 -0.004061 -0.019640 0.999799
0.500000 4.175683 -0.155912 0.032149 -0.000140 -0.004066 -0.024766 0.999685
0.600000 5.093442 -0.213666 0.040101 0.000029 -0.004004 -0.031694 0.999490
0.700000 6.041904 -0.280285 0.049745 0.000929 -0.003955 -0.030712 0.999520
0.800000 7.021553 -0.343471 0.054904 0.000243 -0.004266 -0.034322 0.999402
0.900000 8.027350 -0.418613 0.055251 0.000433 -0.004986 -0.036630 0.999316
1.000000 9.060774 -0.496675 0.068183 0.000517 -0.005408 -0.036444 0.999321
1.100000 10.121746 -0.577791 0.069435 0.000051 -0.005828 -0.039415 0.999206
1.200000 11.209368 -0.665104 0.082408 0.000569 -0.005801 -0.038657 0.999236
1.300000 12.326842 -0.752629 0.088699 0.000205 -0.006157 -0.039729 0.999192
1.400000 13.470008 -0.846849 0.103448 0.000177 -0.006676 -0.041507 0.999116
1.500000 14.639816 -0.944731 0.118425 0.000349 -0.007245 -0.040831 0.999140
1.600000 15.835512 -1.041790 0.133785 0.000155 -0.007395 -0.040637 0.999147
1.700000 17.055831 -1.143095 0.152677 0.000028 -0.007331 -0.042043 0.999089
1.800000 18.303134 -1.248685 0.169706 0.000198 -0.007729 -0.041550 0.999106
1.900000 19.576604 -1.354947 0.179725 0.000099 -0.008622 -0.042063 0.999078
2.000000 20.872814 -1.463458 0.199059 0.000206 -0.009100 -0.041213 0.999109
2.100000 22.191734 -1.573303 0.223005 -0.000070 -0.009053 -0.041911 0.999080
2.200000 23.536110 -1.687321 0.236437 -0.000063 -0.009581 -0.042172 0.999064
2.300000 24.904730 -1.802146 0.257513 -0.000014 -0.010389 -0.041414 0.999088
2.400000 26.295253 -1.916931 0.280682 -0.000004 -0.011036 -0.041344 0.999084
2.500000 27.706139 -2.034671 0.311037 -0.000037 -0.011035 -0.041697 0.999069
2.600000 29.142058 -2.154860 0.333028 0.000023 -0.011568 -0.041562 0.999069
2.700000 30.600300 -2.275927 0.366230 0.000006 -0.012266 -0.041213 0.999075
2.800000 32.079829 -2.398258 0.392124 0.000019 -0.012998 -0.041296 0.999062
2.900000 33.578742 -2.523049 0.429986 0.000022 -0.012992 -0.041553 0.999052
3.000000 35.101689 -2.649854 0.466217 0.000075 -0.013529 -0.041368 0.999052
3.100000 36.645728 -2.777319 0.507533 0.000061 -0.014264 -0.040966 0.999059
3.200000 38.208694 -2.905689 0.550406 0.000095 -0.014502 -0.040969 0.999055
3.300000 39.792379 -3.036530 0.594920 0.000155 -0.014600 -0.041294 0.999040
3.400000 41.398864 -3.169402 0.639919 0.000133 -0.015336 -0.040951 0.999043
3.500000 43.024862 -3.302571 0.682921 0.000025 -0.016083 -0.040632 0.999045
3.600000 44.668454 -3.437297 0.733643 0.000008 -0.016113 -0.040990 0.999030
3.700000 46.333874 -3.574452 0.787210 0.000018 -0.016592 -0.040819 0.999029
3.800000 48.018788 -3.711962 0.839577 -0.000050 -0.017417 -0.040570 0.999025
3.900000 49.715364 -3.850175 0.898546 -0.000059 -0.017460 -0.040643 0.999021
4.000000 51.417869 -3.989211 0.949078 -0.000068 -0.017908 -0.040722 0.999010
4.100000 53.113336 -4.127337 1.009386 -0.000150 -0.018656 -0.040539 0.999004
4.200000 54.795550 -4.263956 1.073550 -0.000159 -0.018964 -0.040522 0.998999
4.300000 56.471797 -4.400900 1.130687 -0.000200 -0.019250 -0.040862 0.998979
4.400000 58.149908 -4.537910 1.199823 -0.000199 -0.019897 -0.040547 0.998979
4.500000 59.832289 -4.674295 1.271056 -0.000227 -0.020383 -0.040414 0.998975
4.600000 61.519771 -4.811840 1.333715 -0.000285 -0.020555 -0.040736 0.998958
4.700000 63.211084 -4.949919 1.404098 -0.000357 -0.021042 -0.040529 0.998957
4.800000 64.900657 -5.086889 1.474485 -0.000485 -0.021800 -0.040282 0.998950
4.900000 66.584232 -5.223517 1.544146 -0.000540 -0.022013 -0.040552 0.998935
5.000000 68.266968 -5.360242 1.613102 -0.000473 -0.022475 -0.040496 0.998927
5.100000 69.949583 -5.497078 1.691637 -0.000602 -0.023211 -0.040579 0.998907
5.200000 71.631934 -5.634148 1.768015 -0.000603 -0.023610 -0.040633 0.998895
5.300000 73.316583 -5.770869 1.844567 -0.000619 -0.023753 -0.040333 0.998904
5.400000 75.003565 -5.907904 1.928486 -0.000825 -0.024363 -0.040563 0.998880
5.500000 76.688333 -6.045407 2.012324 -0.000881 -0.024878 -0.040688 0.998862
5.600000 78.371026 -6.182538 2.094963 -0.000864 -0.024924 -0.040619 0.998863
5.700000 80.054920 -6.319578 2.181623 -0.000911 -0.025419 -0.040602 0.998852
5.800000 81.737654 -6.456636 2.272661 -0.001002 -0.026025 -0.040601 0.998836
5.900000 83.419452 -6.593666 2.357224 -0.001041 -0.026209 -0.040601 0.998831
6.000000 85.103107 -6.730312 2.447440 -0.001008 -0.026456 -0.040386 0.998833
6.100000 86.787889 -6.867132 2.540281 -0.001133 -0.027137 -0.040513 0.998810
6.200000 88.470275 -7.004018 2.632879 -0.001117 -0.027426 -0.040606 0.998798
6.300000 90.152338 -7.140466 2.727544 -0.001082 -0.027399 -0.040362 0.998809
6.400000 91.835770 -7.276545 2.821651 -0.001104 -0.027737 -0.040330 0.998801
6.500000 93.517625 -7.413100 2.918043 -0.001095 -0.027936 -0.040613 0.998784
6.600000 95.198707 -7.549842 3.016988 -0.001018 -0.027823 -0.040506 0.998791
6.700000 96.880796 -7.686074 3.114998 -0.000955 -0.027702 -0.040414 0.998798
6.800000 98.563149 -7.822457 3.211439 -0.000921 -0.027625 -0.040445 0.998799
6.900000 100.245480 -7.959209 3.306862 -0.000898 -0.027566 -0.040602 0.998795
7.000000 101.927853 -8.096204 3.401828 -0.000860 -0.027530 -0.040622 0.998795
7.100000 103.610173 -8.232813 3.497179 -0.000830 -0.027468 -0.040418 0.998805
7.200000 105.292237 -8.369487 3.593248 -0.000839 -0.027388 -0.040643 0.998798
7.300000 106.974607 -8.506542 3.686235 -0.000776 -0.027393 -0.040571 0.998801
7.400000 108.657038 -8.642946 3.781160 -0.000775 -0.027336 -0.040325 0.998812
7.500000 110.339623 -8.779375 3.875195 -0.000813 -0.027309 -0.040489 0.998806
7.600000 112.021764 -8.916528 3.970337 -0.000797 -0.027241 -0.040718 0.998799
7.700000 113.704216 -9.053373 4.064858 -0.000735 -0.027189 -0.040437 0.998812
7.800000 115.386609 -9.189774 4.160264 -0.000754 -0.027101 -0.040492 0.998812
7.900000 117.068903 -9.326636 4.253441 -0.000742 -0.027067 -0.040584 0.998809
8.000000 118.751353 -9.463219 4.346631 -0.000724 -0.027040 -0.040338 0.998820
8.100000 120.433872 -9.599874 4.439642 -0.000798 -0.027004 -0.040564 0.998812
8.200000 122.116061 -9.736808 4.534709 -0.000784 -0.026915 -0.040520 0.998816
8.300000 123.798968 -9.873443 4.625677 -0.000815 -0.026947 -0.040431 0.998819
8.400000 125.481630 -10.009839 4.718349 -0.000771 -0.026928 -0.040461 0.998818
8.500000 127.164252 -10.146526 4.810730 -0.000781 -0.026909 -0.040470 0.998818
8.600000 128.846894 -10.283388 4.902485 -0.000796 -0.026909 -0.040624 0.998812
8.700000 130.529392 -10.420177 4.994696 -0.000744 -0.026899 -0.040490 0.998818
8.800000 132.211850 -10.556651 5.087738 -0.000759 -0.026810 -0.040420 0.998823
8.900000 133.893929 -10.693318 5.177566 -0.000700 -0.026534 -0.040667 0.998820
9.000000 135.576555 -10.830596 5.267437 -0.000623 -0.026347 -0.040698 0.998824
9.100000 137.260052 -10.967469 5.355173 -0.000617 -0.026345 -0.040477 0.998833
9.200000 138.941735 -11.103827 5.443743 -0.000581 -0.025781 -0.040438 0.998849
9.300000 140.624501 -11.240820 5.531187 -0.000599 -0.025299 -0.040636 0.998853
9.400000 142.308381 -11.378015 5.617957 -0.000608 -0.025256 -0.040520 0.998859
9.500000 143.990689 -11.514240 5.701789 -0.000586 -0.024770 -0.040304 0.998880
9.600000 145.673977 -11.650739 5.783796 -0.000580 -0.024348 -0.040538 0.998881
9.700000 147.358323 -11.787933 5.866106 -0.000544 -0.024363 -0.040627 0.998877
9.800000 149.040763 -11.924427 5.946999 -0.000476 -0.023919 -0.040360 0.998899
9.900000 150.724263 -12.060556 6.026386 -0.000484 -0.023437 -0.040322 0.998912
10.000000 152.408913 -12.197270 6.107349 -0.000474 -0.023402 -0.040543 0.998904
10.100000 154.091630 -12.334257 6.184618 -0.000437 -0.022996 -0.040584 0.998911
10.200000 155.774113 -12.471001 6.268652 -0.000381 -0.022257 -0.040537 0.998930
10.300000 157.459122 -12.608071 6.345150 -0.000444 -0.022204 -0.040526 0.998932
10.400000 159.142459 -12.744587 6.419791 -0.000391 -0.021805 -0.040373 0.998947
10.500000 160.825017 -12.880980 6.500224 -0.000287 -0.021017 -0.040562 0.998956
10.600000 162.510258 -13.018341 6.572119 -0.000278 -0.020957 -0.040641 0.998954
10.700000 164.193541 -13.155362 6.644837 -0.000246 -0.020522 -0.040579 0.998966
10.800000 165.877554 -13.291905 6.711989 -0.000168 -0.019992 -0.040410 0.998983
10.900000 167.563217 -13.428775 6.780067 -0.000140 -0.019928 -0.040595 0.998977
11.000000 169.247165 -13.565589 6.848693 -0.000000 -0.019601 -0.040522 0.998986
11.100000 170.931004 -13.702209 6.914331 0.000052 -0.018990 -0.040444 0.999001
11.200000 172.616544 -13.839399 6.980864 0.000047 -0.018824 -0.040693 0.998994
11.300000 174.301088 -13.976513 7.043860 0.000151 -0.018578 -0.040516 0.999006
11.400000 175.984551 -14.112510 7.112582 0.000281 -0.017780 -0.040269 0.999031
11.500000 177.670630 -14.249045 7.172797 0.000308 -0.017639 -0.040517 0.999023
11.600000 179.355526 -14.386192 7.233238 0.000375 -0.017411 -0.040610 0.999023
11.700000 181.039658 -14.522700 7.292784 0.000443 -0.016760 -0.040296 0.999047
11.800000 182.726039 -14.659109 7.348409 0.000401 -0.016580 -0.040402 0.999046
11.900000 184.411244 -14.795946 7.406749 0.000447 -0.016334 -0.040508 0.999046
12.000000 186.095527 -14.932664 7.462114 0.000516 -0.015718 -0.040478 0.999057
12.100000 187.781632 -15.069241 7.517620 0.000524 -0.015405 -0.040320 0.999068
12.200000 189.467879 -15.205758 7.568696 0.000543 -0.015312 -0.040447 0.999064
12.300000 191.152079 -15.342766 7.621314 0.000609 -0.014664 -0.040663 0.999065
12.400000 192.838674 -15.479789 7.668842 0.000687 -0.014433 -0.040428 0.999078
12.500000 194.525063 -15.616485 7.719323 0.000682 -0.014299 -0.040485 0.999078
12.600000 196.210192 -15.753113 7.764289 0.000769 -0.013816 -0.040407 0.999087
12.700000 197.896763 -15.889656 7.810312 0.000792 -0.013485 -0.040351 0.999094
12.800000 199.583140 -16.026551 7.859583 0.000833 -0.013326 -0.040603 0.999086
12.900000 201.267978 -16.163563 7.904534 0.000916 -0.012740 -0.040491 0.999098
13.000000 202.954575 -16.300206 7.947848 0.000948 -0.012340 -0.040401 0.999107
13.100000 204.641442 -16.437172 7.991991 0.000969 -0.012217 -0.040583 0.999101
13.200000 206.326145 -16.574136 8.029707 0.001026 -0.011437 -0.040462 0.999115
13.300000 208.013240 -16.710806 8.064854 0.001054 -0.010880 -0.040393 0.999124
13.400000 209.701098 -16.848037 8.104863 0.001036 -0.010821 -0.040644 0.999115
13.500000 211.387982 -16.985068 8.143831 0.001111 -0.010837 -0.040420 0.999123
13.600000 213.074393 -17.121903 8.186854 0.001040 -0.010732 -0.040468 0.999123
13.700000 214.760980 -17.258757 8.226392 0.001045 -0.010713 -0.040410 0.999125
13.800000 216.446893 -17.395472 8.265159 0.001092 -0.010426 -0.040506 0.999124
13.900000 218.134864 -17.531568 8.303975 0.001706 -0.010706 -0.040354 0.999127
14.000000 219.821207 -17.670724 8.341666 0.000133 -0.010689 -0.040272 0.999132
14.100000 221.499397 -17.804576 8.372758 0.000498 -0.007519 -0.040300 0.999159
14.200000 223.189287 -17.942484 8.398909 -0.000458 -0.006121 -0.040268 0.999170
14.300000 224.879876 -18.078187 8.426643 -0.000487 -0.006068 -0.040529 0.999160
14.400000 226.567876 -18.214990 8.450201 -0.000465 -0.006141 -0.040556 0.999158
14.500000 228.255723 -18.351728 8.471818 -0.000515 -0.006202 -0.040463 0.999162
14.600000 229.943131 -18.488460 8.495475 -0.000544 -0.006223 -0.040587 0.999156
14.700000 231.630497 -18.624954 8.518877 -0.000502 -0.006229 -0.040296 0.999168
14.800000 233.316030 -18.758350 8.541153 0.001025 -0.005439 -0.040218 0.999176
14.900000 235.000163 -18.897612 8.559885 0.000053 -0.003651 -0.040524 0.999172
15.000000 236.690910 -19.028694 8.574662 0.001860 -0.003042 -0.038843 0.999239
15.100000 238.381807 -19.162128 8.583308 0.000708 -0.003081 -0.038232 0.999264
15.200000 240.069776 -19.292228 8.594366 0.000940 -0.002859 -0.038823 0.999242
15.300000 241.759112 -19.421943 8.607004 0.001070 -0.002834 -0.037322 0.999299
15.400000 243.449233 -19.547089 8.618517 0.000944 -0.002838 -0.036557 0.999327
15.500000 245.136081 -19.672482 8.632885 0.000883 -0.002693 -0.037158 0.999305
15.600000 246.811892 -19.796280 8.643256 0.001029 -0.002633 -0.036181 0.999341
15.700000 248.464200 -19.914688 8.655781 0.001013 -0.002500 -0.035439 0.999368
15.800000 250.084577 -20.030808 8.665833 0.000923 -0.002469 -0.035759 0.999357
15.900000 251.674072 -20.144284 8.677965 0.001099 -0.002436 -0.035261 0.999375
16.000000 253.240386 -20.254101 8.685429 0.001095 -0.002535 -0.034813 0.999390
16.100000 254.789371 -20.362784 8.693629 0.001033 -0.002586 -0.035144 0.999378
16.200000 256.324622 -20.470533 8.702011 0.001099 -0.002596 -0.034696 0.999394
16.300000 257.844974 -20.575392 8.709897 0.001100 -0.002595 -0.034345 0.999406
16.400000 259.345637 -20.679202 8.718238 0.001028 -0.002572 -0.034612 0.999397
16.500000 260.824074 -20.781560 8.726424 0.001072 -0.002561 -0.034345 0.999406
16.600000 262.281114 -20.881331 8.728343 0.001081 -0.002736 -0.034132 0.999413
16.700000 263.711114 -20.979287 8.730622 0.001187 -0.000468 -0.034297 0.999411
16.800000 265.126153 -21.076364 8.734168 0.001385 0.002594 -0.034106 0.999414
16.900000 266.533384 -21.172426 8.728093 0.001453 0.003242 -0.034133 0.999411
17.000000 267.922866 -21.267197 8.719661 0.001473 0.002737 -0.033875 0.999421
17.100000 269.289999 -21.359941 8.710852 0.001440 0.002530 -0.033916 0.999420
17.200000 270.632804 -21.451058 8.702035 0.001466 0.002410 -0.033802 0.999425
17.300000 271.950482 -21.540286 8.694271 0.001454 0.002318 -0.033849 0.999423
17.400000 273.245737 -21.628225 8.689421 0.001533 0.002265 -0.033952 0.999420
17.500000 274.521923 -21.714935 8.683068 0.001561 0.002634 -0.033698 0.999427
17.600000 275.783827 -21.800633 8.676619 0.001468 0.003183 -0.034058 0.999414
17.700000 277.032378 -21.886257 8.670408 0.001426 0.003756 -0.034142 0.999409
17.800000 278.268221 -21.970079 8.661074 0.001463 0.004080 -0.033667 0.999424
17.900000 279.489738 -22.052622 8.649361 0.001249 0.004165 -0.033890 0.999416
18.000000 280.695191 -22.135118 8.639557 0.001220 0.004109 -0.034255 0.999404
18.100000 281.884327 -22.216207 8.632860 0.001282 0.004194 -0.033643 0.999424
18.200000 283.051577 -22.294971 8.624734 0.001180 0.004242 -0.033972 0.999413
18.300000 284.184612 -22.372969 8.620974 0.001111 0.004375 -0.034129 0.999407
18.400000 285.290849 -22.448833 8.615013 0.001070 0.004382 -0.034015 0.999411
18.500000 286.380970 -22.522723 8.606962 0.001137 0.004248 -0.033768 0.999420
18.600000 287.469519 -22.596332 8.599417 0.001110 0.004135 -0.033795 0.999420
18.700000 288.568181 -22.671386 8.592373 0.001110 0.004085 -0.034132 0.999408
18.800000 289.680736 -22.747992 8.586945 0.001152 0.004118 -0.034136 0.999408
18.900000 290.803051 -22.824375 8.580973 0.001242 0.004185 -0.033812 0.999419
19.000000 291.927094 -22.900809 8.574849 0.001177 0.004274 -0.034049 0.999410
19.100000 293.047071 -22.977697 8.568341 0.001199 0.004365 -0.034122 0.999407
19.200000 294.161572 -23.054082 8.561860 0.001179 0.004425 -0.034049 0.999410
19.300000 295.271765 -23.129530 8.557208 0.001192 0.004540 -0.033800 0.999418
19.400000 296.380532 -23.204626 8.550708 0.001134 0.004595 -0.033814 0.999417
19.500000 297.490091 -23.280108 8.544827 0.001129 0.004678 -0.033906 0.999413
19.600000 298.601698 -23.355895 8.540512 0.001124 0.004822 -0.033924 0.999412
19.700000 299.715589 -23.431910 8.532109 0.001067 0.004862 -0.033929 0.999412
19.800000 300.830272 -23.507848 8.526205 0.001053 0.004962 -0.033930 0.999411
19.900000 301.944753 -23.583741 8.519488 0.001035 0.005058 -0.033931 0.999411
20.000000 303.058419 -23.659518 8.512419 0.001061 0.005159 -0.033930 0.999410
20.100000 304.171390 -23.735230 8.503008 0.001075 0.005184 -0.033932 0.999410
20.200000 305.283884 -23.810977 8.493596 0.001066 0.005195 -0.033933 0.999410
20.300000 306.396170 -23.886902 8.486091 0.000993 0.005287 -0.033935 0.999410
20.400000 307.508997 -23.962788 8.475098 0.000943 0.005281 -0.033936 0.999410
20.500000 308.621930 -24.038628 8.468078 0.000918 0.005378 -0.033938 0.999409
20.600000 309.734761 -24.114550 8.464932 0.000862 0.005619 -0.033941 0.999408
20.700000 310.847750 -24.190324 8.460044 0.000871 0.005817 -0.033943 0.999406
20.800000 311.960801 -24.266213 8.452340 0.000854 0.005945 -0.033944 0.999406
20.900000 313.073737 -24.342031 8.444056 0.000848 0.006053 -0.033944 0.999405
21.000000 314.186494 -24.417988 8.436274 0.000777 0.006188 -0.033947 0.999404
21.100000 315.299204 -24.493767 8.428176 0.000799 0.006328 -0.033946 0.999403
21.200000 316.412012 -24.569694 8.418805 0.000762 0.006439 -0.033946 0.999403
21.300000 317.524881 -24.645685 8.408761 0.000705 0.006547 -0.033948 0.999402
21.400000 318.637949 -24.721532 8.394836 0.000698 0.006590 -0.033947 0.999402
21.500000 319.751116 -24.797367 8.380998 0.000709 0.006648 -0.033946 0.999401
21.600000 320.864198 -24.873165 8.370019 0.000744 0.006756 -0.033947 0.999401
21.700000 321.977383 -24.949109 8.358122 0.000696 0.006804 -0.033948 0.999400
21.800000 323.090740 -25.024601 8.344238 0.000711 0.006790 -0.033712 0.999408
21.900000 324.203793 -25.100125 8.332191 0.000622 0.006840 -0.033966 0.999399
22.000000 325.316654 -25.176326 8.320090 0.000647 0.006890 -0.034040 0.999397
22.100000 326.429866 -25.252428 8.305299 0.000609 0.006854 -0.033968 0.999399
22.200000 327.542983 -25.328217 8.292325 0.000597 0.006891 -0.033955 0.999399
22.300000 328.655190 -25.403845 8.278262 0.000663 0.007270 -0.033951 0.999397
22.400000 329.768026 -25.479625 8.263996 0.000701 0.007699 -0.033949 0.999394
22.500000 330.881696 -25.555522 8.244968 0.000681 0.007872 -0.033952 0.999392
22.600000 331.995539 -25.631414 8.231756 0.000673 0.007941 -0.033952 0.999392
22.700000 333.109042 -25.707011 8.216917 0.000676 0.007957 -0.033715 0.999400
22.800000 334.222292 -25.782658 8.202362 0.000592 0.007979 -0.034067 0.999388
22.900000 335.333760 -25.858717 8.184794 0.000686 0.008600 -0.033915 0.999387
23.000000 336.446023 -25.934257 8.167294 0.000669 0.009528 -0.033824 0.999382
23.100000 337.559232 -26.010128 8.147591 0.000655 0.010283 -0.034134 0.999364
23.200000 338.673978 -26.086841 8.129214 0.000674 0.010396 -0.034133 0.999363
23.300000 339.788035 -26.162743 8.110113 0.000674 0.010402 -0.033809 0.999374
23.400001 340.901838 -26.238042 8.090838 0.000612 0.010441 -0.033808 0.999374
23.500000 342.014254 -26.313691 8.068979 0.000616 0.010852 -0.033896 0.999366
23.600000 343.126364 -26.389438 8.044098 0.000677 0.011702 -0.033912 0.999356
23.700001 344.239512 -26.465508 8.019286 0.000689 0.012572 -0.034152 0.999337
23.800000 345.354833 -26.541831 7.992276 0.000748 0.012655 -0.033902 0.999345
23.900001 346.469641 -26.617401 7.964353 0.000684 0.012558 -0.033828 0.999349
24.000000 347.583760 -26.693037 7.937664 0.000678 0.012518 -0.033901 0.999347
24.100000 348.696965 -26.769001 7.911154 0.000628 0.012771 -0.033918 0.999343
24.200001 349.809072 -26.844668 7.883419 0.000669 0.013663 -0.033920 0.999331
24.300000 350.922583 -26.920406 7.852749 0.000721 0.014508 -0.033920 0.999319
24.400001 352.037695 -26.996451 7.821032 0.000663 0.014796 -0.033923 0.999315
24.500000 353.152704 -27.072404 7.791840 0.000649 0.014806 -0.033923 0.999315
24.600000 354.267149 -27.148314 7.760099 0.000632 0.014766 -0.033923 0.999315
24.700001 355.381285 -27.224286 7.728884 0.000591 0.014814 -0.033924 0.999314
24.800000 356.494656 -27.300204 7.693718 0.000569 0.015134 -0.033922 0.999310
24.900001 357.608459 -27.376252 7.662285 0.000611 0.015584 -0.034159 0.999295
25.000000 358.723161 -27.452438 7.627754 0.000620 0.015796 -0.033737 0.999306
25.100000 359.838222 -27.527586 7.597351 0.000520 0.015891 -0.033674 0.999306
25.200001 360.952488 -27.603456 7.564914 0.000418 0.015933 -0.034053 0.999293
25.300000 362.066688 -27.680017 7.530571 0.000460 0.015921 -0.034064 0.999293
25.400001 363.181010 -27.756062 7.498603 0.000436 0.015989 -0.033982 0.999294
25.500000 364.295485 -27.831681 7.465572 0.000431 0.016037 -0.033728 0.999302
25.600000 365.409850 -27.907151 7.432463 0.000400 0.016072 -0.033975 0.999293
25.700001 366.524147 -27.983459 7.396560 0.000412 0.016038 -0.034051 0.999291
25.800000 367.638454 -28.059239 7.366287 0.000469 0.016161 -0.033740 0.999300
25.900001 368.753002 -28.134433 7.332850 0.000431 0.016207 -0.033743 0.999299
26.000000 369.867239 -28.210277 7.298197 0.000414 0.016219 -0.034068 0.999288
26.100000 370.981345 -28.286763 7.265534 0.000426 0.016282 -0.034072 0.999287
26.200001 372.095775 -28.362968 7.230438 0.000376 0.016289 -0.033986 0.999290
26.300000 373.210127 -28.438897 7.197113 0.000328 0.016344 -0.033971 0.999289
26.400001 374.324636 -28.514897 7.159834 0.000312 0.016296 -0.033968 0.999290
26.500000 375.439110 -28.590832 7.123474 0.000324 0.016254 -0.033968 0.999291
26.600000 376.553441 -28.666810 7.089869 0.000307 0.016305 -0.033968 0.999290
26.700001 377.667679 -28.742851 7.057944 0.000270 0.016405 -0.033969 0.999288
26.800000 378.782033 -28.818849 7.023068 0.000258 0.016428 -0.033969 0.999288
26.900001 379.896395 -28.894830 6.988044 0.000265 0.016448 -0.033970 0.999287
27.000000 381.010844 -28.970528 6.953812 0.000278 0.016489 -0.033733 0.999295
27.100000 382.125320 -29.045756 6.919591 0.000244 0.016533 -0.033749 0.999294
27.200001 383.239536 -29.121050 6.889627 0.000286 0.016702 -0.033604 0.999296
27.300000 384.353846 -29.196234 6.856577 0.000236 0.016790 -0.033638 0.999293
27.400001 385.468107 -29.271636 6.821824 0.000232 0.016831 -0.033735 0.999289
27.500000 386.582405 -29.347261 6.785792 0.000204 0.016839 -0.033755 0.999288
27.600000 387.697022 -29.422027 6.751522 0.000242 0.016890 -0.033134 0.999308
27.700001 388.811658 -29.495608 6.718556 0.000186 0.016973 -0.033176 0.999305
27.800000 389.925749 -29.570229 6.685161 0.000175 0.017065 -0.033418 0.999296
27.900001 391.039927 -29.645315 6.649267 0.000186 0.017098 -0.033466 0.999294
28.000000 392.154319 -29.719835 6.613914 0.000220 0.017152 -0.033241 0.999300
28.100000 393.268831 -29.793586 6.580927 0.000225 0.017275 -0.032925 0.999309
28.200001 394.383431 -29.867083 6.544221 0.000187 0.017290 -0.033039 0.999304
28.300000 395.497726 -29.941352 6.506419 0.000152 0.017292 -0.033189 0.999299
28.400001 396.611996 -30.015399 6.472653 0.000188 0.017412 -0.032984 0.999304
28.500000 397.726479 -30.088991 6.436670 0.000174 0.017444 -0.033006 0.999303
28.600000 398.840876 -30.162985 6.399383 0.000158 0.017447 -0.033100 0.999300
28.700001 399.955274 -30.236857 6.364784 0.000129 0.017543 -0.032784 0.999308
28.800000 401.069757 -30.310016 6.329546 0.000057 0.017611 -0.032811 0.999306
28.900001 402.183940 -30.383725 6.295305 0.000014 0.017722 -0.032942 0.999300
29.000000 403.298062 -30.457614 6.261145 0.000006 0.017849 -0.032969 0.999297
29.100000 404.412342 -30.531047 6.227868 0.000019 0.018004 -0.032739 0.999302
29.200001 405.526814 -30.604166 6.190244 -0.000027 0.018055 -0.032757 0.999300
29.300000 406.641044 -30.677507 6.154077 -0.000004 0.018139 -0.032849 0.999296
29.400001 407.755249 -30.751154 6.117799 -0.000017 0.018232 -0.032867 0.999293
29.500000 408.869386 -30.824736 6.083184 -0.000059 0.018374 -0.032873 0.999291
29.600000 409.983836 -30.897873 6.045706 -0.000044 0.018439 -0.032539 0.999300
29.700001 411.098277 -30.970357 6.008079 -0.000066 0.018529 -0.032561 0.999298
29.800000 412.212462 -31.043487 5.971327 -0.000117 0.018618 -0.032691 0.999292
29.900001 413.325984 -31.117550 5.929646 -0.000665 0.018874 -0.032701 0.999287
30.000000 414.438572 -31.188839 5.886434 0.000050 0.019752 -0.032702 0.999270
30.100000 415.554798 -31.261850 5.843776 0.000459 0.019871 -0.032380 0.999278
30.200001 416.671327 -31.336335 5.800338 -0.000296 0.019214 -0.032885 0.999274
30.300000 417.786208 -31.408492 5.760036 0.000556 0.018489 -0.032805 0.999291
30.400001 418.899018 -31.482368 5.724390 0.000568 0.018594 -0.032670 0.999293
30.500000 420.012768 -31.556140 5.687862 0.000450 0.018732 -0.032969 0.999281
30.600000 421.126738 -31.630043 5.652770 0.000343 0.018941 -0.032551 0.999291
30.700001 422.238733 -31.705118 5.615141 -0.001813 0.020027 -0.032319 0.999275
30.800000 423.354129 -31.776915 5.570370 -0.002787 0.020363 -0.032813 0.999250
30.900001 424.469715 -31.849512 5.528693 -0.003211 0.020358 -0.032303 0.999266
31.000000 425.583596 -31.919983 5.485666 -0.002927 0.020640 -0.032512 0.999254
31.100000 426.697032 -31.992317 5.434136 -0.002145 0.021003 -0.032844 0.999237
31.200001 427.813066 -32.065981 5.393094 -0.001757 0.020889 -0.032420 0.999254
31.300000 428.929400 -32.136904 5.350567 -0.000335 0.020061 -0.032894 0.999257
31.400001 430.041964 -32.212107 5.312627 -0.000069 0.020031 -0.033022 0.999254
31.500000 431.155828 -32.286035 5.273475 -0.000123 0.020204 -0.032481 0.999268
31.600000 432.270164 -32.358411 5.235513 -0.000271 0.020399 -0.032482 0.999264
31.700001 433.384067 -32.431915 5.195229 -0.000370 0.020542 -0.033043 0.999243
31.800000 434.498165 -32.505778 5.155273 -0.000338 0.020686 -0.032523 0.999257
31.900001 435.612620 -32.578017 5.117687 -0.000452 0.020888 -0.032405 0.999256
32.000000 436.726565 -32.651267 5.076928 -0.000553 0.021011 -0.032990 0.999235
32.100000 437.840374 -32.725452 5.037743 -0.000542 0.021194 -0.032764 0.999238
32.200001 438.954800 -32.798517 4.993272 -0.000626 0.021239 -0.032630 0.999242
32.300000 440.068965 -32.871563 4.951566 -0.000663 0.021350 -0.032692 0.999237
32.400001 441.182749 -32.945010 4.915209 -0.000743 0.021660 -0.032704 0.999230
32.500000 442.296893 -33.018063 4.873728 -0.000811 0.021814 -0.032472 0.999234
32.600000 443.410843 -33.091173 4.832840 -0.000957 0.021989 -0.032824 0.999219
32.700001 444.524339 -33.165344 4.795646 -0.001121 0.022322 -0.032893 0.999209
32.800000 445.638043 -33.238651 4.754944 -0.001346 0.022708 -0.032433 0.999215
32.900001 446.751942 -33.311024 4.706424 -0.001470 0.023035 -0.032751 0.999197
33.000000 447.866188 -33.384312 4.660953 -0.001512 0.023331 -0.032426 0.999201
33.100000 448.980935 -33.457334 4.607985 -0.001789 0.023296 -0.032809 0.999188
33.200001 450.095309 -33.530698 4.561429 -0.001793 0.023377 -0.032509 0.999196
33.300000 451.209437 -33.603544 4.518812 -0.001925 0.023554 -0.032714 0.999185
33.400001 452.323645 -33.676616 4.473772 -0.001894 0.023640 -0.032488 0.999191
33.500000 453.437810 -33.749257 4.429524 -0.001896 0.023778 -0.032642 0.999182
33.600000 454.553313 -33.822231 4.380758 -0.001522 0.023251 -0.032979 0.999184
33.700001 455.664905 -33.896223 4.338004 -0.001669 0.023909 -0.032587 0.999181
33.800000 456.772433 -33.968394 4.285390 -0.001675 0.026636 -0.032777 0.999106
33.900001 457.882255 -34.041182 4.225056 -0.001351 0.030293 -0.032572 0.999009
34.000000 459.006153 -34.114407 4.154935 -0.001084 0.029518 -0.032552 0.999033
34.100000 460.118925 -34.188533 4.089981 -0.001400 0.029696 -0.032904 0.999016
34.200001 461.229898 -34.261720 4.019818 -0.001194 0.031082 -0.032692 0.998981
34.300000 462.340696 -34.334104 3.947765 -0.000983 0.033665 -0.032276 0.998911
34.400001 463.458990 -34.407999 3.873867 -0.001471 0.034293 -0.032860 0.998870
34.500000 464.572268 -34.481557 3.797496 -0.001494 0.035303 -0.032633 0.998843
34.600000 465.685295 -34.554719 3.705402 -0.001967 0.036524 -0.032429 0.998805
34.700001 466.800106 -34.626695 3.628579 -0.001727 0.037875 -0.032838 0.998741
34.800000 467.918530 -34.700696 3.540130 -0.001388 0.037351 -0.032854 0.998761
34.900001 469.036252 -34.774742 3.456910 -0.001527 0.036163 -0.032748 0.998808
35.000000 470.151430 -34.846871 3.379082 -0.000991 0.035365 -0.032781 0.998836
35.100000 471.264909 -34.921003 3.299855 -0.000953 0.035250 -0.032781 0.998840
35.200001 472.379525 -34.995047 3.223349 -0.001028 0.035291 -0.032775 0.998839
35.300000 473.494405 -35.068698 3.147944 -0.001105 0.035379 -0.032779 0.998836
35.400001 474.605715 -35.142011 3.070286 -0.001093 0.036800 -0.032778 0.998784
35.500000 475.719088 -35.214989 2.982678 -0.001009 0.038338 -0.032447 0.998737
35.600000 476.834265 -35.288189 2.892715 -0.001075 0.039481 -0.032876 0.998679
35.700001 477.952077 -35.362209 2.804565 -0.001063 0.039454 -0.032582 0.998689
35.800000 479.067900 -35.435537 2.713540 -0.001218 0.039253 -0.032711 0.998693
35.900001 480.183020 -35.509265 2.632505 -0.001256 0.039338 -0.032830 0.998686
36.000000 481.298242 -35.582630 2.544463 -0.001268 0.039263 -0.032357 0.998704
36.100000 482.413278 -35.655692 2.458467 -0.001488 0.039252 -0.032840 0.998688
36.200001 483.528191 -35.729738 2.371771 -0.001473 0.039246 -0.032555 0.998698
36.300000 484.643429 -35.802963 2.286313 -0.001616 0.039264 -0.032664 0.998694
36.400001 485.758557 -35.876773 2.200158 -0.001682 0.039280 -0.032775 0.998689
36.500000 486.873741 -35.950452 2.113668 -0.001728 0.039275 -0.032714 0.998691
36.600000 487.989100 -36.023999 2.026691 -0.001828 0.039266 -0.032704 0.998692
36.700001 489.104501 -36.097370 1.940569 -0.001841 0.039268 -0.032461 0.998700
36.800000 490.219889 -36.170241 1.853575 -0.001979 0.039254 -0.032480 0.998699
36.900001 491.334936 -36.243869 1.767603 -0.002111 0.039268 -0.032811 0.998688
37.000000 492.449957 -36.318116 1.682126 -0.002137 0.039298 -0.032811 0.998686
37.100000 493.565221 -36.391784 1.595964 -0.002181 0.039300 -0.032726 0.998689
37.200001 494.680537 -36.465396 1.508252 -0.002264 0.039271 -0.032708 0.998691
37.300000 495.795772 -36.539085 1.421234 -0.002366 0.039256 -0.032706 0.998691
37.400001 496.911017 -36.612734 1.334052 -0.002411 0.039229 -0.032704 0.998692
37.500000 498.026257 -36.686402 1.247434 -0.002480 0.039222 -0.032705 0.998692
37.600000 499.141505 -36.760081 1.160314 -0.002570 0.039204 -0.032706 0.998693
37.700001 500.256743 -36.833737 1.073835 -0.002649 0.039214 -0.032710 0.998692
37.800000 501.371965 -36.907618 0.987274 -0.002744 0.039212 -0.032707 0.998692
37.900001 502.487353 -36.981000 0.900793 -0.002769 0.039210 -0.032471 0.998699
38.000000 503.602472 -37.054626 0.814558 -0.002961 0.039227 -0.032818 0.998687
38.100000 504.717608 -37.128790 0.728637 -0.002982 0.039243 -0.032651 0.998692
38.200001 505.832911 -37.202380 0.642441 -0.003108 0.039257 -0.032793 0.998686
38.300000 506.948111 -37.276434 0.554708 -0.003171 0.039238 -0.032606 0.998693
38.400001 508.063447 -37.349695 0.467838 -0.003258 0.039215 -0.032545 0.998695
38.500000 509.178682 -37.423204 0.382384 -0.003344 0.039240 -0.032618 0.998692
38.600000 510.293889 -37.496909 0.295617 -0.003421 0.039231 -0.032634 0.998691
38.700001 511.409138 -37.570604 0.209617 -0.003496 0.039235 -0.032636 0.998691
38.800000 512.524408 -37.644218 0.123308 -0.003555 0.039230 -0.032636 0.998691
38.900001 513.639621 -37.717945 0.036314 -0.003650 0.039221 -0.032635 0.998691
39.000000 514.754865 -37.791584 -0.050252 -0.003731 0.039221 -0.032638 0.998690
39.100000 515.870082 -37.865326 -0.137341 -0.003815 0.039209 -0.032636 0.998691
39.200001 516.985310 -37.939015 -0.224709 -0.003925 0.039186 -0.032640 0.998691
39.300000 518.100597 -38.012815 -0.310573 -0.003979 0.039184 -0.032634 0.998691
39.400001 519.215858 -38.086475 -0.394984 -0.004045 0.039219 -0.032635 0.998689
39.500000 520.331036 -38.160315 -0.482155 -0.004191 0.039205 -0.032636 0.998689
39.600000 521.446325 -38.234038 -0.568612 -0.004314 0.039205 -0.032639 0.998689
39.700001 522.561631 -38.307781 -0.655867 -0.004399 0.039173 -0.032640 0.998690
39.800000 523.676872 -38.381437 -0.740660 -0.004452 0.039205 -0.032642 0.998688
39.900001 524.792125 -38.455127 -0.828111 -0.004510 0.039176 -0.032642 0.998689
40.000000 525.907339 -38.528852 -0.914919 -0.004577 0.039166 -0.032643 0.998689
40.100000 527.022580 -38.602678 -1.001237 -0.004694 0.039155 -0.032644 0.998689
40.200001 528.137861 -38.676446 -1.087040 -0.004750 0.039157 -0.032644 0.998688
40.300000 529.253092 -38.750393 -1.173135 -0.004876 0.039161 -0.032641 0.998688
40.400001 530.368339 -38.824255 -1.258601 -0.004969 0.039186 -0.032639 0.998686
40.500001 531.483588 -38.898045 -1.345589 -0.005048 0.039174 -0.032639 0.998686
40.600001 532.598866 -38.971575 -1.430967 -0.005091 0.039181 -0.032644 0.998686
40.700001 533.714143 -39.045340 -1.516342 -0.005145 0.039199 -0.032644 0.998685
40.800001 534.829412 -39.119176 -1.602276 -0.005244 0.039204 -0.032645 0.998684
40.900001 535.944705 -39.193095 -1.688798 -0.005327 0.039200 -0.032641 0.998684
41.000001 537.059933 -39.266874 -1.775236 -0.005425 0.039190 -0.032645 0.998684
41.100001 538.175213 -39.340722 -1.861378 -0.005502 0.039189 -0.032646 0.998683
41.200001 539.290455 -39.414533 -1.946849 -0.005570 0.039207 -0.032646 0.998682
41.300001 540.405644 -39.488514 -2.033856 -0.005693 0.039190 -0.032646 0.998682
41.400001 541.520889 -39.562234 -2.119487 -0.005725 0.039200 -0.032646 0.998682
41.500001 542.636112 -39.636238 -2.206159 -0.005841 0.039196 -0.032644 0.998681
41.600001 543.751211 -39.710578 -2.292483 -0.005986 0.039196 -0.032877 0.998673
41.700001 544.866279 -39.785109 -2.380280 -0.006045 0.039158 -0.032866 0.998674
41.800001 545.981556 -39.859378 -2.466506 -0.006132 0.039169 -0.032775 0.998676
41.900001 547.096681 -39.933783 -2.553346 -0.006285 0.039161 -0.032994 0.998668
42.000001 548.211891 -40.008409 -2.639721 -0.006310 0.039170 -0.032738 0.998676
42.100001 549.327320 -40.082220 -2.726716 -0.006449 0.039161 -0.032662 0.998678
42.200001 550.442399 -40.156571 -2.813327 -0.006601 0.039157 -0.032972 0.998667
42.300001 551.557573 -40.231042 -2.899878 -0.006589 0.039148 -0.032639 0.998678
42.400001 552.672998 -40.304774 -2.986487 -0.006764 0.039151 -0.032569 0.998679
42.500001 553.788180 -40.378866 -3.072711 -0.006878 0.039157 -0.032674 0.998675
42.600001 554.903299 -40.452919 -3.158700 -0.006894 0.039161 -0.032696 0.998674
42.700001 556.018518 -40.527033 -3.245980 -0.006954 0.039136 -0.032702 0.998674
42.800001 557.133601 -40.601545 -3.332788 -0.007137 0.039132 -0.032940 0.998665
42.900001 558.248784 -40.676147 -3.419262 -0.007152 0.039121 -0.032686 0.998674
43.000001 559.364214 -40.749674 -3.505770 -0.007196 0.039100 -0.032613 0.998677
43.100001 560.479457 -40.823883 -3.592227 -0.007324 0.039103 -0.032681 0.998674
43.200001 561.595134 -40.898039 -3.678684 -0.007392 0.038910 -0.032693 0.998680
43.300001 562.710825 -40.972797 -3.772994 -0.007597 0.038345 -0.032928 0.998693
43.400001 563.826356 -41.047446 -3.859195 -0.007711 0.038010 -0.032576 0.998716
43.500001 564.941168 -41.121173 -3.942532 -0.007889 0.037982 -0.032745 0.998711
43.600001 566.056021 -41.195656 -4.025928 -0.007942 0.038009 -0.032841 0.998706
43.700001 567.171192 -41.270170 -4.109418 -0.007997 0.038029 -0.032770 0.998707
43.800001 568.286623 -41.344217 -4.192545 -0.008035 0.038057 -0.032758 0.998706
43.900001 569.402587 -41.418615 -4.279832 -0.008161 0.037724 -0.032754 0.998718
44.000001 570.519214 -41.492884 -4.364620 -0.008241 0.037054 -0.032749 0.998743
44.100001 571.634873 -41.567158 -4.443929 -0.008376 0.036536 -0.032743 0.998761
44.200001 572.749648 -41.640910 -4.524318 -0.008444 0.036355 -0.032511 0.998774
44.300001 573.864378 -41.714699 -4.604966 -0.008581 0.036368 -0.032867 0.998761
44.400001 574.979459 -41.789256 -4.684262 -0.008561 0.036407 -0.032703 0.998765
44.500001 576.094835 -41.863225 -4.764789 -0.008646 0.036411 -0.032604 0.998767
44.600001 577.210453 -41.937251 -4.843736 -0.008738 0.036310 -0.032668 0.998768
44.700001 578.327188 -42.010735 -4.913588 -0.008774 0.036011 -0.032349 0.998789
44.800001 579.442801 -42.084139 -4.990120 -0.008989 0.035493 -0.032785 0.998792
44.900001 580.557398 -42.158680 -5.067725 -0.009036 0.035213 -0.032649 0.998806
45.000001 581.671932 -42.232568 -5.146519 -0.009172 0.035225 -0.032532 0.998808
45.100001 582.787052 -42.306366 -5.224915 -0.009249 0.035221 -0.032596 0.998805
45.200001 583.902141 -42.380242 -5.302237 -0.009248 0.035233 -0.032611 0.998804
45.300001 585.017366 -42.454343 -5.379828 -0.009330 0.035183 -0.032610 0.998805
45.400001 586.133969 -42.528370 -5.449541 -0.009489 0.034843 -0.032608 0.998816
45.500001 587.249593 -42.602679 -5.523681 -0.009642 0.034305 -0.032840 0.998825
45.600001 588.364235 -42.677263 -5.597844 -0.009775 0.033961 -0.032826 0.998836
45.700001 589.478478 -42.751539 -5.673305 -0.009828 0.033959 -0.032735 0.998839
45.800001 590.593473 -42.825491 -5.747454 -0.009892 0.034007 -0.032723 0.998837
45.900001 591.708625 -42.899524 -5.822390 -0.009905 0.034009 -0.032478 0.998845
46.000001 592.823820 -42.973290 -5.898882 -0.010007 0.033965 -0.032729 0.998837
46.100001 593.940235 -43.047454 -5.967578 -0.010033 0.033637 -0.032455 0.998857
46.200001 595.056021 -43.120713 -6.032772 -0.010137 0.033257 -0.032635 0.998862
46.300001 596.170735 -43.194634 -6.097045 -0.010236 0.033024 -0.032742 0.998866
46.400001 597.284612 -43.268940 -6.170067 -0.010308 0.032996 -0.032673 0.998868
