0.000000 0.000000 0.000000 0.000000 -0.000000 -0.000000 -0.000000 1.000000
0.100000 0.335294 0.027759 0.009471 0.000646 -0.001388 -0.002806 0.999995
0.200000 0.789394 0.027551 0.010636 -0.000210 -0.002338 -0.012397 0.999920
0.300000 0.455516 0.069926 0.005873 0.000231 -0.003297 -0.021480 0.999764
0.400000 0.378872 0.107440 0.005588 0.001124 -0.003381 -0.019855 0.999797
0.500000 0.446073 0.120171 0.006976 -0.000015 -0.003165 -0.024860 0.999686
0.600000 0.695526 0.106322 0.017202 0.000200 -0.002793 -0.031706 0.999493
0.700000 0.946055 0.100384 0.025806 0.000999 -0.002454 -0.030910 0.999519
0.800000 0.886252 0.106167 0.024615 0.000216 -0.002393 -0.034425 0.999404
0.900000 0.665960 0.119646 0.015466 0.000573 -0.002774 -0.036718 0.999322
1.000000 0.405550 0.137713 0.006769 0.000666 -0.003102 -0.036578 0.999326
1.100000 0.604597 0.114672 0.010037 0.000217 -0.003029 -0.039485 0.999216
1.200000 0.841517 0.091851 0.014437 0.000730 -0.002749 -0.038779 0.999244
1.300000 1.026348 0.069343 0.017993 0.000365 -0.002636 -0.039816 0.999203
1.400000 0.777446 0.073726 0.005535 0.000372 -0.003086 -0.041569 0.999131
1.500000 0.541796 0.078916 -0.003905 0.000519 -0.003481 -0.040921 0.999156
1.600000 0.738478 0.053059 -0.001998 0.000433 -0.003381 -0.040712 0.999165
1.700000 0.967700 0.020792 0.005126 0.000304 -0.002970 -0.042083 0.999110
1.800000 0.879188 0.012750 0.002072 0.000560 -0.003043 -0.041607 0.999129
1.900000 0.631664 0.013550 -0.006732 0.000340 -0.003437 -0.042084 0.999108
2.000000 0.485891 0.009461 -0.011847 0.000568 -0.003565 -0.041235 0.999143
2.100000 0.726291 -0.024558 -0.003720 0.000330 -0.003134 -0.041900 0.999117
2.200000 0.919319 -0.055612 -0.001350 0.000507 -0.003090 -0.042150 0.999106
2.300000 0.685097 -0.055395 -0.012721 0.000485 -0.003572 -0.041383 0.999137
2.400000 0.438085 -0.054250 -0.022018 0.000369 -0.003802 -0.041294 0.999140
2.500000 0.667469 -0.088276 -0.011782 0.000355 -0.003314 -0.041615 0.999128
2.600000 0.840816 -0.117627 -0.008933 0.000430 -0.003252 -0.041477 0.999134
2.700000 0.583518 -0.116353 -0.020131 0.000406 -0.003743 -0.041103 0.999148
2.800000 0.461677 -0.125153 -0.025399 0.000315 -0.003861 -0.041163 0.999145
2.900000 0.693646 -0.159330 -0.015170 0.000349 -0.003330 -0.041407 0.999137
3.000000 0.618481 -0.171440 -0.020693 0.000345 -0.003466 -0.041224 0.999144
3.100000 0.339677 -0.168726 -0.039052 0.000269 -0.004145 -0.040810 0.999158
3.200000 0.551108 -0.200850 -0.037427 0.000290 -0.004086 -0.040793 0.999159
3.300000 0.758646 -0.233656 -0.032565 0.000277 -0.003744 -0.041102 0.999148
3.400000 0.464112 -0.230263 -0.045794 0.000230 -0.004218 -0.040749 0.999160
3.500000 0.289841 -0.235021 -0.053856 0.000130 -0.004487 -0.040406 0.999173
3.600000 0.570971 -0.272800 -0.047890 0.000089 -0.004096 -0.040744 0.999161
3.700000 0.482642 -0.283738 -0.057642 0.000119 -0.004346 -0.040577 0.999167
3.800000 0.178934 -0.279422 -0.067148 0.000032 -0.004742 -0.040306 0.999176
3.900000 0.438109 -0.314864 -0.058725 0.000007 -0.004310 -0.040366 0.999176
4.000000 0.748047 -0.353689 -0.057537 -0.000020 -0.004237 -0.040444 0.999173
4.100000 0.520320 -0.353788 -0.068060 -0.000004 -0.004692 -0.040249 0.999179
4.200000 0.541010 -0.371658 -0.073155 -0.000078 -0.004751 -0.040222 0.999179
4.300000 0.735394 -0.402563 -0.068944 -0.000083 -0.004426 -0.040544 0.999168
4.400000 0.473925 -0.400446 -0.079469 -0.000060 -0.004885 -0.040218 0.999179
4.500000 0.312753 -0.405240 -0.093132 -0.000160 -0.005335 -0.040075 0.999182
4.600000 0.599744 -0.442586 -0.080464 -0.000190 -0.004777 -0.040378 0.999173
4.700000 0.504174 -0.451886 -0.094796 -0.000175 -0.005176 -0.040168 0.999180
4.800000 0.288645 -0.452516 -0.105570 -0.000238 -0.005664 -0.039903 0.999187
4.900000 0.521608 -0.485378 -0.107054 -0.000308 -0.005570 -0.040158 0.999178
5.000000 0.537296 -0.502354 -0.118997 -0.000289 -0.005752 -0.040104 0.999179
5.100000 0.319730 -0.503468 -0.136947 -0.000410 -0.006504 -0.040163 0.999172
5.200000 0.261814 -0.516001 -0.153910 -0.000462 -0.006855 -0.040205 0.999168
5.300000 0.481437 -0.547130 -0.159154 -0.000431 -0.006849 -0.039899 0.999180
5.400000 0.255737 -0.547534 -0.181701 -0.000551 -0.007660 -0.040102 0.999166
5.500000 0.055649 -0.549947 -0.204682 -0.000628 -0.008368 -0.040217 0.999156
5.600000 0.296979 -0.583209 -0.203227 -0.000613 -0.008240 -0.040144 0.999160
5.700000 0.140837 -0.588600 -0.222035 -0.000682 -0.008903 -0.040113 0.999155
5.800000 -0.235469 -0.578239 -0.250636 -0.000739 -0.009936 -0.040098 0.999146
5.900000 -0.224545 -0.595319 -0.259513 -0.000756 -0.010070 -0.040088 0.999145
6.000000 -0.395531 -0.599169 -0.278018 -0.000781 -0.010521 -0.039864 0.999149
6.100000 -0.805902 -0.586422 -0.310494 -0.000913 -0.011763 -0.039973 0.999131
6.200000 -0.993672 -0.589489 -0.327537 -0.000959 -0.012287 -0.040055 0.999121
6.300000 -0.976166 -0.606281 -0.329931 -0.000940 -0.012324 -0.039805 0.999131
6.400000 -1.179364 -0.607543 -0.345050 -0.001037 -0.012868 -0.039762 0.999126
6.500000 -1.488301 -0.601937 -0.363362 -0.001094 -0.013343 -0.040034 0.999109
6.600000 -1.493333 -0.617259 -0.365597 -0.001054 -0.013391 -0.039929 0.999112
6.700000 -1.490723 -0.633192 -0.368417 -0.001120 -0.013439 -0.039836 0.999115
6.800000 -1.501314 -0.648388 -0.372039 -0.001162 -0.013502 -0.039859 0.999113
6.900000 -1.521644 -0.663247 -0.379144 -0.001237 -0.013652 -0.040009 0.999105
7.000000 -1.592020 -0.674585 -0.390211 -0.001263 -0.013848 -0.040022 0.999102
7.100000 -1.637943 -0.687166 -0.401368 -0.001285 -0.014082 -0.039812 0.999107
7.200000 -1.676183 -0.701036 -0.411036 -0.001397 -0.014292 -0.040026 0.999095
7.300000 -1.715379 -0.714336 -0.421724 -0.001385 -0.014537 -0.039953 0.999095
7.400000 -1.762389 -0.726660 -0.434622 -0.001416 -0.014831 -0.039700 0.999101
7.500000 -1.811697 -0.739316 -0.447967 -0.001505 -0.015140 -0.039851 0.999090
7.600000 -1.850662 -0.753038 -0.461458 -0.001559 -0.015473 -0.040075 0.999076
7.700000 -1.929653 -0.763334 -0.481512 -0.001568 -0.015937 -0.039793 0.999080
7.800000 -1.983075 -0.775766 -0.497844 -0.001672 -0.016346 -0.039836 0.999071
7.900000 -2.051118 -0.787258 -0.517870 -0.001714 -0.016857 -0.039919 0.999059
8.000000 -2.144731 -0.796320 -0.538234 -0.001738 -0.017372 -0.039669 0.999060
8.100000 -2.243520 -0.805700 -0.557876 -0.001865 -0.017885 -0.039881 0.999043
8.200000 -2.371594 -0.812595 -0.582534 -0.001878 -0.018531 -0.039833 0.999033
8.300000 -2.513565 -0.818413 -0.604237 -0.001945 -0.019116 -0.039737 0.999025
8.400000 -2.682796 -0.822414 -0.627984 -0.001986 -0.019760 -0.039761 0.999012
8.500000 -2.887352 -0.823905 -0.651790 -0.002026 -0.020393 -0.039763 0.998999
8.600000 -3.107322 -0.824733 -0.676843 -0.002095 -0.021074 -0.039907 0.998979
8.700000 -3.352897 -0.823389 -0.700454 -0.002110 -0.021719 -0.039769 0.998971
8.800000 -3.576762 -0.823559 -0.722308 -0.002216 -0.022309 -0.039692 0.998960
8.900000 -3.624800 -0.836671 -0.731246 -0.002296 -0.022490 -0.039933 0.998947
9.000000 -3.739849 -0.845051 -0.742192 -0.002328 -0.022757 -0.039964 0.998939
9.100000 -3.994414 -0.843273 -0.770242 -0.002394 -0.023505 -0.039736 0.998931
9.200000 -3.805162 -0.872449 -0.751088 -0.002429 -0.023005 -0.039692 0.998944
9.300000 -3.686570 -0.897059 -0.738487 -0.002444 -0.022694 -0.039881 0.998944
9.400000 -3.985846 -0.892168 -0.770972 -0.002521 -0.023522 -0.039761 0.998929
9.500000 -3.832997 -0.918312 -0.756332 -0.002515 -0.023139 -0.039541 0.998947
9.600000 -3.698743 -0.943707 -0.740932 -0.002530 -0.022743 -0.039764 0.998947
9.700000 -3.962944 -0.941370 -0.768810 -0.002572 -0.023508 -0.039851 0.998926
9.800000 -3.823577 -0.966635 -0.755443 -0.002556 -0.023183 -0.039583 0.998944
9.900000 -3.672958 -0.992577 -0.739551 -0.002568 -0.022753 -0.039538 0.998956
10.000000 -3.938992 -0.990041 -0.767381 -0.002663 -0.023511 -0.039751 0.998929
10.100000 -3.843229 -1.012699 -0.759461 -0.002659 -0.023308 -0.039790 0.998933
10.200000 -3.658816 -1.041436 -0.740894 -0.002633 -0.022825 -0.039741 0.998946
10.300000 -3.925681 -1.038774 -0.771106 -0.002725 -0.023623 -0.039724 0.998928
10.400000 -3.866488 -1.058432 -0.764742 -0.002698 -0.023475 -0.039568 0.998937
10.500000 -3.643621 -1.090108 -0.742808 -0.002766 -0.022925 -0.039759 0.998942
10.600000 -3.902502 -1.088247 -0.765268 -0.002822 -0.023497 -0.039834 0.998926
10.700000 -3.895530 -1.104734 -0.766229 -0.002848 -0.023515 -0.039774 0.998928
10.800000 -3.677107 -1.135638 -0.742107 -0.002805 -0.022888 -0.039604 0.998949
10.900000 -3.898421 -1.136538 -0.763448 -0.002917 -0.023440 -0.039783 0.998929
11.000000 -3.930032 -1.150203 -0.767428 -0.002907 -0.023539 -0.039713 0.998930
11.100000 -3.714712 -1.180845 -0.745333 -0.002875 -0.022944 -0.039636 0.998947
11.200000 -3.908899 -1.183743 -0.765212 -0.002942 -0.023455 -0.039877 0.998925
11.300000 -3.989808 -1.193983 -0.774098 -0.002929 -0.023662 -0.039705 0.998927
11.400000 -3.775462 -1.224318 -0.750460 -0.002911 -0.023027 -0.039459 0.998952
11.500000 -3.915192 -1.230661 -0.761592 -0.003010 -0.023325 -0.039701 0.998935
11.600000 -4.030392 -1.238704 -0.770512 -0.003012 -0.023542 -0.039794 0.998926
11.700000 -3.831455 -1.267908 -0.750075 -0.002970 -0.022975 -0.039483 0.998952
11.800000 -3.939161 -1.276117 -0.758327 -0.003018 -0.023191 -0.039576 0.998943
11.900000 -4.063391 -1.283234 -0.765179 -0.003012 -0.023392 -0.039679 0.998934
12.000000 -3.854204 -1.313596 -0.746521 -0.002994 -0.022897 -0.039650 0.998947
12.100000 -3.933479 -1.323540 -0.754270 -0.003014 -0.023083 -0.039489 0.998949
12.200000 -4.088635 -1.328463 -0.766848 -0.003050 -0.023442 -0.039608 0.998936
12.300000 -3.877730 -1.359282 -0.745933 -0.003033 -0.022905 -0.039827 0.998939
12.400000 -3.911995 -1.372392 -0.747107 -0.002943 -0.022950 -0.039590 0.998948
12.500000 -4.067123 -1.377418 -0.753421 -0.002961 -0.023162 -0.039639 0.998941
12.600000 -3.894233 -1.405028 -0.743817 -0.002878 -0.022851 -0.039561 0.998952
12.700000 -3.893737 -1.420486 -0.750690 -0.002843 -0.022983 -0.039500 0.998951
12.800000 -4.126425 -1.420150 -0.782708 -0.002734 -0.023780 -0.039737 0.998923
12.900000 -3.934984 -1.448940 -0.776954 -0.002545 -0.023602 -0.039622 0.998933
13.000000 -3.896652 -1.467128 -0.779586 -0.002482 -0.023645 -0.039525 0.998936
13.100000 -4.125130 -1.466925 -0.805528 -0.002341 -0.024335 -0.039690 0.998913
13.200000 -3.818276 -1.503520 -0.786521 -0.001999 -0.023711 -0.039557 0.998934
13.300000 -3.575844 -1.535795 -0.767783 -0.001810 -0.023212 -0.039476 0.998949
13.400000 -3.854918 -1.532538 -0.789614 -0.001934 -0.023874 -0.039725 0.998924
13.500000 -4.159882 -1.527226 -0.814535 -0.002138 -0.024635 -0.039514 0.998913
13.600000 -4.428072 -1.524894 -0.841701 -0.002444 -0.025503 -0.039564 0.998889
13.700000 -5.209799 -1.485682 -0.869664 -0.002340 -0.025852 -0.039496 0.998883
13.800000 -5.430273 -1.486799 -0.874507 -0.002723 -0.026009 -0.039610 0.998873
13.900000 -5.935617 -1.467027 -0.904094 -0.002335 -0.027115 -0.039448 0.998851
14.000000 -5.964363 -1.481751 -0.912877 -0.004133 -0.027894 -0.039423 0.998825
14.100000 -5.639162 -1.519371 -0.875800 -0.003835 -0.024594 -0.039439 0.998912
14.200000 -5.791234 -1.524172 -0.888872 -0.004863 -0.023766 -0.039448 0.998927
14.300000 -6.093502 -1.518225 -0.896677 -0.004787 -0.024006 -0.039682 0.998912
14.400000 -6.399624 -1.511856 -0.902904 -0.004600 -0.024217 -0.039700 0.998908
14.500000 -6.647804 -1.509632 -0.908031 -0.004496 -0.024420 -0.039596 0.998907
14.600000 -6.878575 -1.509173 -0.913120 -0.004498 -0.024604 -0.039712 0.998898
14.700000 -7.091172 -1.509181 -0.922841 -0.004433 -0.024913 -0.039420 0.998902
14.800000 -7.210097 -1.514715 -0.911702 -0.003078 -0.024002 -0.039303 0.998934
14.900000 -7.259744 -1.527865 -0.918085 -0.004106 -0.022540 -0.039660 0.998951
15.000000 -7.429817 -1.526315 -0.933901 -0.002532 -0.022294 -0.037949 0.999028
15.100000 -7.762078 -1.514313 -0.965470 -0.003445 -0.022792 -0.037347 0.999036
15.200000 -7.720543 -1.527643 -0.979888 -0.003166 -0.023081 -0.037908 0.999010
15.300000 -7.792981 -1.528972 -1.018597 -0.003040 -0.024133 -0.036426 0.999040
15.400000 -7.844522 -1.530223 -1.058370 -0.003262 -0.025272 -0.035649 0.999039
15.500000 -8.050757 -1.521538 -1.104238 -0.003447 -0.026356 -0.036234 0.998990
15.600000 -8.736361 -1.475490 -1.149432 -0.003337 -0.026726 -0.035275 0.999015
15.700000 -9.338815 -1.433690 -1.185105 -0.003446 -0.027079 -0.034528 0.999031
15.800000 -9.774643 -1.403990 -1.202524 -0.003536 -0.027410 -0.034831 0.999011
15.900000 -10.143311 -1.376960 -1.219766 -0.003490 -0.027881 -0.034342 0.999015
16.000000 -10.559652 -1.345581 -1.241322 -0.003586 -0.028411 -0.033892 0.999015
16.100000 -11.018370 -1.311966 -1.265558 -0.003713 -0.028939 -0.034210 0.998989
16.200000 -11.448554 -1.278638 -1.283491 -0.003653 -0.029323 -0.033769 0.998993
16.300000 -11.859071 -1.245987 -1.299733 -0.003732 -0.029660 -0.033416 0.998994
16.400000 -12.279120 -1.213337 -1.311920 -0.003778 -0.029898 -0.033669 0.998979
16.500000 -12.727386 -1.177612 -1.323472 -0.003733 -0.030103 -0.033406 0.998981
16.600000 -13.145391 -1.143608 -1.333316 -0.003735 -0.030309 -0.033190 0.998982
16.700000 -13.153688 -1.138570 -1.307054 -0.003520 -0.027755 -0.033351 0.999052
16.800000 -12.872978 -1.153216 -1.270287 -0.003362 -0.024439 -0.033179 0.999145
16.900000 -12.574261 -1.169202 -1.235498 -0.003154 -0.023361 -0.033195 0.999171
17.000000 -12.982369 -1.135503 -1.263195 -0.003165 -0.024139 -0.032939 0.999161
17.100000 -13.197879 -1.115540 -1.278388 -0.003235 -0.024526 -0.032975 0.999150
17.200000 -13.382006 -1.097454 -1.289420 -0.003232 -0.024701 -0.032859 0.999149
17.300000 -13.571291 -1.079224 -1.299976 -0.003305 -0.024855 -0.032905 0.999144
17.400000 -13.776799 -1.059997 -1.314083 -0.003168 -0.025128 -0.032997 0.999134
17.500000 -13.538733 -1.071240 -1.287586 -0.003100 -0.024449 -0.032746 0.999160
17.600000 -13.259896 -1.086485 -1.260854 -0.003266 -0.023602 -0.033110 0.999168
17.700000 -12.953922 -1.103725 -1.232126 -0.003369 -0.022718 -0.033204 0.999185
17.800000 -12.703931 -1.115800 -1.211598 -0.003339 -0.022143 -0.032736 0.999213
17.900000 -12.530225 -1.123759 -1.192597 -0.003728 -0.021727 -0.032966 0.999213
18.000000 -12.561335 -1.117912 -1.198163 -0.003758 -0.021831 -0.033325 0.999199
18.100000 -12.545291 -1.113757 -1.200182 -0.003664 -0.021864 -0.032721 0.999219
18.200000 -12.512446 -1.112251 -1.200926 -0.003824 -0.021868 -0.033038 0.999208
18.300000 -12.523930 -1.107732 -1.203761 -0.003744 -0.021920 -0.033188 0.999202
18.400000 -12.618731 -1.097161 -1.215606 -0.003701 -0.022158 -0.033070 0.999201
18.500000 -12.745772 -1.083782 -1.229488 -0.003587 -0.022483 -0.032816 0.999202
18.600000 -12.870840 -1.070653 -1.243215 -0.003505 -0.022811 -0.032831 0.999194
18.700000 -12.944918 -1.061869 -1.252203 -0.003381 -0.023028 -0.033152 0.999179
18.800000 -13.018414 -1.052827 -1.260792 -0.003215 -0.023183 -0.033152 0.999176
18.900000 -13.048520 -1.046088 -1.266194 -0.003073 -0.023281 -0.032826 0.999185
19.000000 -13.052211 -1.042172 -1.269376 -0.003086 -0.023329 -0.033050 0.999177
19.100000 -13.051118 -1.038566 -1.274202 -0.003060 -0.023421 -0.033122 0.999172
19.200000 -13.092213 -1.031824 -1.283564 -0.003077 -0.023579 -0.033051 0.999171
19.300000 -13.159413 -1.022802 -1.296224 -0.003088 -0.023799 -0.032801 0.999174
19.400000 -13.192434 -1.016249 -1.302262 -0.003130 -0.023924 -0.032810 0.999170
19.500000 -13.233584 -1.009338 -1.312022 -0.003139 -0.024131 -0.032896 0.999163
19.600000 -13.265420 -1.002996 -1.321499 -0.003135 -0.024339 -0.032912 0.999157
19.700000 -13.300767 -0.996426 -1.330973 -0.003135 -0.024531 -0.032914 0.999152
19.800000 -13.339225 -0.989627 -1.342557 -0.003139 -0.024771 -0.032913 0.999146
19.900000 -13.384697 -0.982412 -1.355627 -0.003151 -0.025038 -0.032909 0.999140
20.000000 -13.418532 -0.975985 -1.365949 -0.003151 -0.025266 -0.032906 0.999134
20.100000 -13.458427 -0.969190 -1.377034 -0.003181 -0.025512 -0.032904 0.999128
20.200000 -13.499361 -0.962281 -1.390370 -0.003186 -0.025823 -0.032901 0.999120
20.300000 -13.547740 -0.954850 -1.404682 -0.003199 -0.026149 -0.032898 0.999111
20.400000 -13.586240 -0.948095 -1.416931 -0.003199 -0.026448 -0.032895 0.999104
20.500000 -13.633760 -0.940756 -1.432292 -0.003202 -0.026813 -0.032890 0.999094
20.600000 -13.679602 -0.933536 -1.447270 -0.003207 -0.027181 -0.032885 0.999084
20.700000 -13.742557 -0.925167 -1.466443 -0.003246 -0.027639 -0.032883 0.999072
20.800000 -13.838190 -0.914494 -1.489758 -0.003280 -0.028158 -0.032881 0.999057
20.900000 -13.915315 -0.905084 -1.509699 -0.003303 -0.028634 -0.032879 0.999044
21.000000 -14.014425 -0.894172 -1.531727 -0.003338 -0.029148 -0.032877 0.999029
21.100000 -14.127857 -0.882246 -1.557519 -0.003345 -0.029759 -0.032870 0.999011
21.200000 -14.265334 -0.868717 -1.583514 -0.003391 -0.030345 -0.032867 0.998993
21.300000 -14.433290 -0.852987 -1.612618 -0.003404 -0.030968 -0.032863 0.998974
21.400000 -14.532857 -0.842005 -1.635805 -0.003425 -0.031498 -0.032860 0.998958
21.500000 -14.644280 -0.830197 -1.660565 -0.003445 -0.032055 -0.032857 0.998940
21.600000 -14.788390 -0.816148 -1.685214 -0.003460 -0.032604 -0.032854 0.998922
21.700000 -15.016196 -0.796284 -1.716310 -0.003498 -0.033258 -0.032851 0.998901
21.800000 -15.228371 -0.776917 -1.745560 -0.003511 -0.033918 -0.032612 0.998886
21.900000 -15.484063 -0.755399 -1.775265 -0.003606 -0.034515 -0.032854 0.998857
22.000000 -15.769553 -0.731713 -1.806773 -0.003610 -0.035124 -0.032928 0.998834
22.100000 -16.069439 -0.706917 -1.838707 -0.003657 -0.035737 -0.032853 0.998814
22.200000 -16.405597 -0.679581 -1.868523 -0.003691 -0.036213 -0.032833 0.998798
22.300000 -16.322976 -0.681147 -1.853562 -0.003658 -0.035903 -0.032826 0.998809
22.400000 -16.190768 -0.686165 -1.830309 -0.003629 -0.035408 -0.032824 0.998827
22.500000 -16.179713 -0.682763 -1.820323 -0.003604 -0.035197 -0.032822 0.998835
22.600000 -16.510219 -0.655772 -1.847259 -0.003629 -0.035661 -0.032818 0.998818
22.700000 -16.875841 -0.625772 -1.875285 -0.003631 -0.036124 -0.032578 0.998810
22.800000 -17.254137 -0.595916 -1.898743 -0.003711 -0.036459 -0.032917 0.998786
22.900000 -17.013484 -0.608140 -1.861973 -0.003583 -0.035641 -0.032770 0.998821
23.000000 -16.681882 -0.626486 -1.817155 -0.003528 -0.034440 -0.032683 0.998866
23.100000 -16.409006 -0.641709 -1.782130 -0.003491 -0.033521 -0.032987 0.998887
23.200000 -16.651631 -0.620980 -1.793378 -0.003468 -0.033642 -0.032991 0.998883
23.300000 -16.937164 -0.596561 -1.813223 -0.003466 -0.034014 -0.032668 0.998881
23.400001 -17.225388 -0.572281 -1.829115 -0.003538 -0.034268 -0.032661 0.998873
23.500000 -17.041531 -0.580793 -1.795992 -0.003511 -0.033589 -0.032748 0.998893
23.600000 -16.645095 -0.603993 -1.744062 -0.003456 -0.032231 -0.032769 0.998937
23.700001 -16.305267 -0.623827 -1.700884 -0.003419 -0.031005 -0.033011 0.998968
23.800000 -16.242050 -0.623739 -1.680809 -0.003312 -0.030697 -0.032761 0.998986
23.900001 -16.495468 -0.601937 -1.699123 -0.003397 -0.030980 -0.032683 0.998980
24.000000 -16.715566 -0.582625 -1.714056 -0.003433 -0.031214 -0.032750 0.998970
24.100000 -16.634471 -0.583990 -1.697734 -0.003416 -0.030852 -0.032767 0.998981
24.200001 -16.277199 -0.604501 -1.664914 -0.003385 -0.029805 -0.032774 0.999013
24.300000 -15.872171 -0.628341 -1.621929 -0.003316 -0.028523 -0.032775 0.999050
24.400001 -15.701500 -0.635928 -1.601141 -0.003284 -0.028011 -0.032774 0.999065
24.500000 -15.862925 -0.620676 -1.614309 -0.003341 -0.028181 -0.032774 0.999060
24.600000 -15.994359 -0.607440 -1.625647 -0.003367 -0.028348 -0.032771 0.999055
24.700001 -15.971936 -0.604872 -1.620334 -0.003370 -0.028284 -0.032770 0.999057
24.800000 -15.739461 -0.616804 -1.599936 -0.003330 -0.027744 -0.032767 0.999072
24.900001 -15.482118 -0.631033 -1.575743 -0.003299 -0.027095 -0.032998 0.999083
25.000000 -15.314380 -0.637736 -1.559168 -0.003168 -0.026690 -0.032578 0.999108
25.100000 -15.368304 -0.629510 -1.565972 -0.003267 -0.026776 -0.032508 0.999107
25.200001 -15.417895 -0.622362 -1.572748 -0.003269 -0.026881 -0.032872 0.999093
25.300000 -15.446566 -0.616372 -1.577041 -0.003205 -0.026952 -0.032885 0.999091
25.400001 -15.468796 -0.610753 -1.581175 -0.003189 -0.027022 -0.032797 0.999092
25.500000 -15.491602 -0.604466 -1.585057 -0.003128 -0.027081 -0.032539 0.999099
25.600000 -15.508389 -0.599382 -1.587156 -0.003179 -0.027104 -0.032779 0.999090
25.700001 -15.520591 -0.594546 -1.589423 -0.003099 -0.027141 -0.032849 0.999087
25.800000 -15.527269 -0.589334 -1.590962 -0.003039 -0.027166 -0.032539 0.999097
25.900001 -15.544182 -0.583656 -1.593693 -0.003073 -0.027199 -0.032534 0.999096
26.000000 -15.559662 -0.578902 -1.596283 -0.003092 -0.027233 -0.032851 0.999084
26.100000 -15.569332 -0.574204 -1.598151 -0.003032 -0.027259 -0.032854 0.999084
26.200001 -15.580999 -0.569238 -1.600064 -0.003009 -0.027282 -0.032765 0.999086
26.300000 -15.590364 -0.564494 -1.602589 -0.002988 -0.027325 -0.032743 0.999086
26.400001 -15.608088 -0.559127 -1.605649 -0.002954 -0.027365 -0.032734 0.999085
26.500000 -15.627088 -0.553736 -1.609841 -0.002938 -0.027429 -0.032729 0.999083
26.600000 -15.656446 -0.547616 -1.614721 -0.002932 -0.027490 -0.032725 0.999082
26.700001 -15.672205 -0.542402 -1.617339 -0.002908 -0.027522 -0.032721 0.999081
26.800000 -15.685406 -0.537350 -1.620454 -0.002881 -0.027572 -0.032716 0.999080
26.900001 -15.703450 -0.531974 -1.623764 -0.002852 -0.027618 -0.032712 0.999079
27.000000 -15.721179 -0.526051 -1.628413 -0.002809 -0.027697 -0.032473 0.999085
27.100000 -15.755045 -0.519210 -1.633493 -0.002839 -0.027755 -0.032483 0.999083
27.200001 -15.771912 -0.513046 -1.637495 -0.002763 -0.027823 -0.032333 0.999086
27.300000 -15.786009 -0.507286 -1.640710 -0.002775 -0.027876 -0.032361 0.999084
27.400001 -15.813418 -0.500801 -1.645649 -0.002750 -0.027952 -0.032450 0.999079
27.500000 -15.839359 -0.494360 -1.650151 -0.002720 -0.028024 -0.032466 0.999076
27.600000 -15.890808 -0.484537 -1.658121 -0.002588 -0.028161 -0.031843 0.999093
27.700001 -15.963219 -0.473924 -1.667308 -0.002673 -0.028283 -0.031873 0.999088
27.800000 -16.025839 -0.464404 -1.675805 -0.002637 -0.028401 -0.032104 0.999077
27.900001 -16.058164 -0.456776 -1.680551 -0.002580 -0.028466 -0.032151 0.999074
28.000000 -16.096208 -0.448240 -1.685825 -0.002521 -0.028538 -0.031924 0.999080
28.100000 -16.137960 -0.438860 -1.691813 -0.002477 -0.028617 -0.031601 0.999088
28.200001 -16.169607 -0.430636 -1.696242 -0.002489 -0.028684 -0.031703 0.999083
28.300000 -16.201204 -0.422620 -1.700705 -0.002424 -0.028757 -0.031841 0.999076
28.400001 -16.217035 -0.415018 -1.703594 -0.002334 -0.028828 -0.031631 0.999081
28.500000 -16.251358 -0.406314 -1.706851 -0.002306 -0.028877 -0.031645 0.999079
28.600000 -16.281098 -0.398150 -1.709488 -0.002241 -0.028924 -0.031729 0.999075
28.700001 -16.317522 -0.388590 -1.712961 -0.002119 -0.028989 -0.031409 0.999084
28.800000 -16.357652 -0.379182 -1.715617 -0.002133 -0.029022 -0.031426 0.999082
28.900001 -16.401115 -0.369807 -1.719826 -0.002087 -0.029090 -0.031546 0.999077
29.000000 -16.439614 -0.360690 -1.722969 -0.002040 -0.029144 -0.031568 0.999075
29.100000 -16.474707 -0.351294 -1.725182 -0.001989 -0.029183 -0.031334 0.999081
29.200001 -16.524314 -0.341017 -1.731659 -0.001975 -0.029300 -0.031342 0.999077
29.300000 -16.566594 -0.331501 -1.735102 -0.001944 -0.029356 -0.031426 0.999073
29.400001 -16.611840 -0.321678 -1.739437 -0.001903 -0.029429 -0.031439 0.999071
29.500000 -16.648963 -0.312375 -1.743813 -0.001846 -0.029516 -0.031437 0.999068
29.600000 -16.682804 -0.302490 -1.748274 -0.001743 -0.029611 -0.031098 0.999076
29.700001 -16.718209 -0.292793 -1.753484 -0.001727 -0.029722 -0.031109 0.999072
29.800000 -16.760394 -0.282882 -1.759908 -0.001639 -0.029865 -0.031224 0.999065
29.900001 -16.606343 -0.287285 -1.747473 -0.002493 -0.029483 -0.031289 0.999072
30.000000 -16.143207 -0.311119 -1.715843 -0.001585 -0.028467 -0.031228 0.999106
30.100000 -16.060173 -0.308639 -1.712960 -0.000859 -0.028425 -0.030867 0.999119
30.200001 -16.525394 -0.270991 -1.748873 -0.001611 -0.029318 -0.031400 0.999076
30.300000 -17.177726 -0.218645 -1.794828 -0.000836 -0.030284 -0.031268 0.999052
30.400001 -17.228265 -0.208281 -1.799321 -0.000692 -0.030417 -0.031125 0.999052
30.500000 -17.250035 -0.200772 -1.800635 -0.000694 -0.030444 -0.031409 0.999043
30.600000 -17.251547 -0.193338 -1.798957 -0.000737 -0.030403 -0.031002 0.999057
30.700001 -17.382397 -0.178050 -1.808125 -0.002988 -0.029559 -0.030906 0.999081
30.800000 -17.366634 -0.173041 -1.810920 -0.004147 -0.029260 -0.031434 0.999069
30.900001 -17.431765 -0.160810 -1.817144 -0.004917 -0.029357 -0.030970 0.999077
31.000000 -17.250106 -0.164925 -1.810885 -0.004445 -0.029269 -0.031128 0.999077
31.100000 -16.913146 -0.180946 -1.791866 -0.003383 -0.028784 -0.031384 0.999087
31.200001 -17.044305 -0.163562 -1.801858 -0.002789 -0.029073 -0.030942 0.999094
31.300000 -17.064107 -0.155249 -1.822575 -0.001539 -0.030507 -0.031319 0.999043
31.400001 -17.210567 -0.138797 -1.834007 -0.001071 -0.030811 -0.031431 0.999030
31.500000 -17.230972 -0.130062 -1.839745 -0.001179 -0.030951 -0.030907 0.999042
31.600000 -17.316252 -0.117098 -1.845599 -0.001333 -0.030980 -0.030901 0.999041
31.700001 -17.367696 -0.107669 -1.850329 -0.001421 -0.031071 -0.031452 0.999021
31.800000 -17.417695 -0.096785 -1.871970 -0.001442 -0.031660 -0.030940 0.999019
31.900001 -17.541046 -0.081140 -1.903896 -0.001682 -0.032406 -0.030821 0.998998
32.000000 -17.638472 -0.068543 -1.939562 -0.001803 -0.033345 -0.031392 0.998949
32.100000 -17.712833 -0.056512 -1.976645 -0.001799 -0.034396 -0.031169 0.998921
32.200001 -17.795998 -0.043984 -2.041489 -0.002013 -0.036261 -0.031034 0.998858
32.300000 -17.930708 -0.028167 -2.100178 -0.002173 -0.037896 -0.031089 0.998796
32.400001 -18.050946 -0.013101 -2.120095 -0.002237 -0.038467 -0.031098 0.998773
32.500000 -18.189390 0.003842 -2.172962 -0.002274 -0.040145 -0.030857 0.998715
32.600000 -19.063968 0.070356 -2.277334 -0.002393 -0.041861 -0.031190 0.998634
32.700001 -19.530334 0.109446 -2.288083 -0.002210 -0.041889 -0.031243 0.998631
32.800000 -20.042954 0.152354 -2.310529 -0.002501 -0.042020 -0.030808 0.998639
32.900001 -20.339458 0.179524 -2.314623 -0.002496 -0.041977 -0.031101 0.998631
33.000000 -20.727176 0.214027 -2.321808 -0.002501 -0.041982 -0.030782 0.998641
33.100000 -21.181797 0.251848 -2.340884 -0.002724 -0.042371 -0.031163 0.998612
33.200001 -21.721113 0.296688 -2.345746 -0.002596 -0.042380 -0.030858 0.998622
33.300000 -22.281661 0.341982 -2.352524 -0.002658 -0.042397 -0.031050 0.998615
33.400001 -22.779261 0.383536 -2.354468 -0.002673 -0.042414 -0.030823 0.998621
33.500000 -23.859832 0.464384 -2.381811 -0.002855 -0.042404 -0.030974 0.998616
33.600000 -23.435322 0.442098 -2.330090 -0.002419 -0.043086 -0.031267 0.998579
33.700001 -23.668449 0.464916 -2.312101 -0.002911 -0.042688 -0.030922 0.998606
33.800000 -23.750835 0.477138 -2.305564 -0.003101 -0.040447 -0.031118 0.998692
33.900001 -24.912913 0.564140 -2.371238 -0.002792 -0.037337 -0.030896 0.998821
34.000000 -24.378936 0.535188 -2.313253 -0.002320 -0.037902 -0.030828 0.998803
34.100000 -24.623532 0.557840 -2.308850 -0.002771 -0.037753 -0.031205 0.998796
34.200001 -25.427297 0.620053 -2.368145 -0.002686 -0.037134 -0.030988 0.998826
34.300000 -25.365449 0.624007 -2.297059 -0.002378 -0.033205 -0.030564 0.998978
34.400001 -25.205724 0.619034 -2.259811 -0.003016 -0.032185 -0.031189 0.998991
34.500000 -24.886345 0.604394 -2.225862 -0.003142 -0.031022 -0.030976 0.999034
34.600000 -25.493519 0.652883 -2.259931 -0.003827 -0.029681 -0.030819 0.999077
34.700001 -26.082643 0.700054 -2.292100 -0.003695 -0.028624 -0.031199 0.999096
34.800000 -26.477591 0.734510 -2.320415 -0.003187 -0.029275 -0.031180 0.999080
34.900001 -25.990428 0.708285 -2.268582 -0.003424 -0.029945 -0.031093 0.999062
35.000000 -26.689472 0.763999 -2.310305 -0.002706 -0.031086 -0.031056 0.999030
35.100000 -26.929507 0.787283 -2.310719 -0.002498 -0.031084 -0.031044 0.999031
35.200001 -27.101006 0.805826 -2.313839 -0.002555 -0.031101 -0.031047 0.999031
35.300000 -27.228350 0.821368 -2.312300 -0.002596 -0.031063 -0.031048 0.999032
35.400001 -27.844635 0.870228 -2.354083 -0.002607 -0.030084 -0.031044 0.999062
35.500000 -28.204454 0.902208 -2.377586 -0.002658 -0.028610 -0.030717 0.999115
35.600000 -28.782997 0.947720 -2.426758 -0.002830 -0.027818 -0.031141 0.999124
35.700001 -28.740889 0.952529 -2.421478 -0.002667 -0.027757 -0.030841 0.999135
35.800000 -28.911511 0.971220 -2.430145 -0.002742 -0.027793 -0.030967 0.999130
35.900001 -28.989100 0.983331 -2.435213 -0.002686 -0.027857 -0.031077 0.999125
36.000000 -29.062104 0.996302 -2.443048 -0.002641 -0.027956 -0.030605 0.999137
36.100000 -29.110102 1.006017 -2.447496 -0.002772 -0.027997 -0.031078 0.999121
36.200001 -29.129398 1.015054 -2.447756 -0.002594 -0.027990 -0.030795 0.999130
36.300000 -29.126982 1.021716 -2.447005 -0.002697 -0.027985 -0.030895 0.999127
36.400001 -29.120453 1.028201 -2.444450 -0.002615 -0.027950 -0.030999 0.999125
36.500000 -29.111913 1.034669 -2.443231 -0.002586 -0.027942 -0.030929 0.999128
36.600000 -29.105100 1.041250 -2.442379 -0.002576 -0.027937 -0.030910 0.999128
36.700001 -29.100751 1.048573 -2.438745 -0.002529 -0.027864 -0.030666 0.999138
36.800000 -29.102881 1.056113 -2.440498 -0.002556 -0.027903 -0.030671 0.999137
36.900001 -29.091803 1.061829 -2.439730 -0.002579 -0.027907 -0.030984 0.999127
37.000000 -29.060196 1.066449 -2.435085 -0.002520 -0.027862 -0.030981 0.999128
37.100000 -29.043098 1.072312 -2.433572 -0.002497 -0.027862 -0.030888 0.999131
37.200001 -29.032071 1.078534 -2.432477 -0.002491 -0.027856 -0.030863 0.999132
37.300000 -29.023534 1.084918 -2.433309 -0.002472 -0.027893 -0.030851 0.999132
37.400001 -29.017695 1.091645 -2.433059 -0.002452 -0.027898 -0.030847 0.999132
37.500000 -29.010130 1.098077 -2.432989 -0.002430 -0.027911 -0.030837 0.999132
37.600000 -28.998480 1.104315 -2.434816 -0.002414 -0.027974 -0.030831 0.999130
37.700001 -28.990898 1.110753 -2.434908 -0.002403 -0.027990 -0.030824 0.999130
37.800000 -28.972791 1.116594 -2.436016 -0.002401 -0.028046 -0.030820 0.999129
37.900001 -28.945947 1.122340 -2.430374 -0.002352 -0.027967 -0.030577 0.999138
38.000000 -28.930164 1.127695 -2.429915 -0.002443 -0.027984 -0.030913 0.999127
38.100000 -28.913515 1.133836 -2.426867 -0.002314 -0.027947 -0.030740 0.999134
38.200001 -28.897656 1.139192 -2.420629 -0.002379 -0.027829 -0.030866 0.999133
38.300000 -28.882881 1.145646 -2.416915 -0.002267 -0.027774 -0.030680 0.999141
38.400001 -28.868592 1.151977 -2.416114 -0.002283 -0.027782 -0.030609 0.999143
38.500000 -28.861064 1.158600 -2.413077 -0.002253 -0.027726 -0.030674 0.999142
38.600000 -28.847784 1.164719 -2.410250 -0.002237 -0.027682 -0.030680 0.999143
38.700001 -28.833168 1.170730 -2.408942 -0.002216 -0.027679 -0.030672 0.999144
38.800000 -28.811830 1.176430 -2.405920 -0.002197 -0.027649 -0.030665 0.999145
38.900001 -28.784263 1.181630 -2.402307 -0.002171 -0.027613 -0.030655 0.999146
39.000000 -28.732269 1.185008 -2.396321 -0.002151 -0.027565 -0.030642 0.999148
39.100000 -28.702832 1.190140 -2.392905 -0.002117 -0.027538 -0.030633 0.999149
39.200001 -28.677012 1.195525 -2.389049 -0.002089 -0.027492 -0.030625 0.999151
39.300000 -28.640586 1.199971 -2.383812 -0.002064 -0.027434 -0.030610 0.999153
39.400001 -28.599923 1.204335 -2.379426 -0.002028 -0.027404 -0.030600 0.999154
39.500000 -28.547649 1.207784 -2.373439 -0.002016 -0.027354 -0.030589 0.999156
39.600000 -28.510597 1.212434 -2.367649 -0.001977 -0.027283 -0.030580 0.999158
39.700001 -28.476886 1.217246 -2.366066 -0.001949 -0.027303 -0.030571 0.999158
39.800000 -28.433089 1.221355 -2.360557 -0.001936 -0.027242 -0.030563 0.999160
39.900001 -28.387350 1.225291 -2.354487 -0.001914 -0.027177 -0.030553 0.999162
40.000000 -28.347538 1.229573 -2.350524 -0.001905 -0.027149 -0.030543 0.999163
40.100000 -28.309756 1.234003 -2.344034 -0.001893 -0.027055 -0.030532 0.999166
40.200001 -28.254501 1.237364 -2.338455 -0.001876 -0.027014 -0.030524 0.999167
40.300000 -28.194582 1.240369 -2.329715 -0.001834 -0.026905 -0.030512 0.999171
40.400001 -28.139625 1.243730 -2.322334 -0.001799 -0.026817 -0.030501 0.999173
40.500001 -28.072882 1.246125 -2.312801 -0.001769 -0.026696 -0.030485 0.999177
40.600001 -28.012825 1.249075 -2.303337 -0.001743 -0.026561 -0.030474 0.999181
40.700001 -27.934117 1.250857 -2.294229 -0.001701 -0.026472 -0.030463 0.999184
40.800001 -27.840365 1.251453 -2.280940 -0.001661 -0.026301 -0.030447 0.999189
40.900001 -27.758590 1.252973 -2.270962 -0.001623 -0.026188 -0.030435 0.999192
41.000001 -27.684024 1.255013 -2.260899 -0.001587 -0.026055 -0.030424 0.999196
41.100001 -27.595909 1.255970 -2.248893 -0.001547 -0.025897 -0.030408 0.999201
41.200001 -27.495905 1.256403 -2.237807 -0.001528 -0.025771 -0.030402 0.999204
41.300001 -27.407845 1.257447 -2.226248 -0.001474 -0.025615 -0.030386 0.999209
41.400001 -27.312340 1.257926 -2.213341 -0.001430 -0.025432 -0.030370 0.999214
41.500001 -27.178885 1.255863 -2.198067 -0.001407 -0.025247 -0.030357 0.999219
41.600001 -27.090220 1.256848 -2.182274 -0.001348 -0.024977 -0.030590 0.999219
41.700001 -26.973523 1.255633 -2.166727 -0.001260 -0.024747 -0.030566 0.999226
41.800001 -26.846725 1.254150 -2.149028 -0.001263 -0.024466 -0.030476 0.999235
41.900001 -26.733189 1.253070 -2.129273 -0.001248 -0.024110 -0.030691 0.999237
42.000001 -26.616524 1.252055 -2.109223 -0.001144 -0.023736 -0.030425 0.999255
42.100001 -26.471310 1.249420 -2.090053 -0.001175 -0.023409 -0.030344 0.999265
42.200001 -26.331564 1.246535 -2.071517 -0.001162 -0.023083 -0.030647 0.999263
42.300001 -26.214211 1.245764 -2.058107 -0.001073 -0.022829 -0.030308 0.999279
42.400001 -26.064596 1.243058 -2.040607 -0.001092 -0.022516 -0.030234 0.999289
42.500001 -25.887875 1.237675 -2.019718 -0.001054 -0.022149 -0.030321 0.999294
42.600001 -25.727829 1.233592 -2.005728 -0.001053 -0.021906 -0.030330 0.999299
42.700001 -25.540266 1.227925 -1.989177 -0.001024 -0.021633 -0.030325 0.999305
42.800001 -25.360217 1.222685 -1.973597 -0.001013 -0.021354 -0.030566 0.999304
42.900001 -25.164047 1.216421 -1.954262 -0.000892 -0.021000 -0.030302 0.999320
43.000001 -24.989076 1.212092 -1.937837 -0.000873 -0.020664 -0.030222 0.999329
43.100001 -24.796505 1.205585 -1.923872 -0.000847 -0.020402 -0.030268 0.999333
43.200001 -24.662438 1.203182 -1.915417 -0.000871 -0.020377 -0.030268 0.999334
43.300001 -24.875193 1.223339 -1.926763 -0.000909 -0.020477 -0.030487 0.999325
43.400001 -25.041337 1.241810 -1.936977 -0.000870 -0.020588 -0.030140 0.999333
43.500001 -24.900384 1.238881 -1.923281 -0.000906 -0.020298 -0.030286 0.999335
43.600001 -24.672488 1.229972 -1.905158 -0.000803 -0.019948 -0.030361 0.999340
43.700001 -24.451685 1.222379 -1.888361 -0.000762 -0.019605 -0.030296 0.999348
43.800001 -24.240738 1.215176 -1.876056 -0.000720 -0.019350 -0.030275 0.999354
43.900001 -24.223901 1.220695 -1.876015 -0.000695 -0.019362 -0.030260 0.999354
44.000001 -24.496106 1.246234 -1.895055 -0.000683 -0.019908 -0.030265 0.999343
44.100001 -24.806541 1.274154 -1.919948 -0.000745 -0.020540 -0.030272 0.999330
44.200001 -24.762285 1.278388 -1.916614 -0.000705 -0.020524 -0.030023 0.999338
44.300001 -24.554700 1.270831 -1.902436 -0.000728 -0.020220 -0.030355 0.999334
44.400001 -24.300572 1.261110 -1.884914 -0.000602 -0.019901 -0.030191 0.999346
44.500001 -24.114002 1.256202 -1.872092 -0.000547 -0.019596 -0.030095 0.999355
44.600001 -23.942125 1.251521 -1.861633 -0.000482 -0.019487 -0.030145 0.999355
44.700001 -24.291006 1.282404 -1.892665 -0.000525 -0.020196 -0.029820 0.999351
44.800001 -24.582402 1.308078 -1.926533 -0.000720 -0.021078 -0.030238 0.999320
44.900001 -24.754579 1.326329 -1.937910 -0.000642 -0.021195 -0.030090 0.999322
45.000001 -24.567013 1.321401 -1.922713 -0.000610 -0.020854 -0.029971 0.999333
45.100001 -24.366864 1.314789 -1.912613 -0.000593 -0.020638 -0.030015 0.999336
45.200001 -24.122132 1.305593 -1.894129 -0.000542 -0.020279 -0.030019 0.999343
45.300001 -23.940378 1.300304 -1.882032 -0.000515 -0.020038 -0.030005 0.999349
45.400001 -24.195931 1.324565 -1.908913 -0.000576 -0.020720 -0.030007 0.999335
45.500001 -24.475096 1.349343 -1.924119 -0.000640 -0.021140 -0.030227 0.999319
45.600001 -24.698560 1.371172 -1.943729 -0.000637 -0.021507 -0.030218 0.999312
45.700001 -24.470739 1.363105 -1.929736 -0.000602 -0.021277 -0.030128 0.999319
45.800001 -24.227198 1.353725 -1.909839 -0.000581 -0.020885 -0.030101 0.999328
45.900001 -24.004130 1.346056 -1.895444 -0.000505 -0.020607 -0.029844 0.999342
46.000001 -23.785908 1.338373 -1.881334 -0.000526 -0.020328 -0.030084 0.999341
46.100001 -24.033760 1.362013 -1.902339 -0.000513 -0.020786 -0.029805 0.999339
46.200001 -24.334151 1.388649 -1.925373 -0.000613 -0.021386 -0.029971 0.999322
46.300001 -24.584367 1.411734 -1.947036 -0.000631 -0.021867 -0.030056 0.999309
46.400001 -24.392138 1.405928 -1.930770 -0.000591 -0.021561 -0.029980 0.999318
