0.000000 -0.000000 0.000000 -0.000000 0.000000 -0.000000 -0.000000 1.000000
0.100000 0.813356 -0.006434 0.002749 0.000288 -0.001691 -0.002845 0.999994
0.200000 1.654659 -0.033762 0.005094 -0.000498 -0.002753 -0.012440 0.999919
0.300000 2.523424 -0.077871 0.008150 -0.000126 -0.003937 -0.021528 0.999760
0.400000 3.421001 -0.111091 0.013816 0.000371 -0.004222 -0.019935 0.999792
0.500000 4.345330 -0.159464 0.021065 -0.000319 -0.004229 -0.024923 0.999680
0.600000 5.296785 -0.223563 0.028497 -0.000172 -0.004183 -0.031789 0.999486
0.700000 6.277053 -0.282415 0.036124 0.000317 -0.004146 -0.031015 0.999510
0.800000 7.284461 -0.353066 0.044376 -0.000120 -0.004348 -0.034520 0.999395
0.900000 8.319261 -0.429765 0.053507 0.000140 -0.004822 -0.036839 0.999310
1.000000 9.381898 -0.506892 0.062902 0.000212 -0.005304 -0.036713 0.999312
1.100000 10.471123 -0.594034 0.073375 -0.000003 -0.005444 -0.039611 0.999200
1.200000 11.587765 -0.680192 0.084791 0.000341 -0.005417 -0.038927 0.999227
1.300000 12.731526 -0.771819 0.096801 0.000114 -0.005544 -0.039965 0.999186
1.400000 13.901688 -0.869753 0.110044 0.000140 -0.006057 -0.041722 0.999111
1.500000 15.098047 -0.967503 0.123706 0.000270 -0.006605 -0.041090 0.999134
1.600000 16.319598 -1.067569 0.138776 0.000216 -0.006718 -0.040878 0.999142
1.700000 17.566117 -1.173324 0.154744 0.000137 -0.006668 -0.042251 0.999085
1.800000 18.837952 -1.279406 0.171806 0.000280 -0.007012 -0.041792 0.999102
1.900000 20.134208 -1.389262 0.189930 0.000142 -0.007592 -0.042286 0.999077
2.000000 21.454402 -1.498958 0.208920 0.000276 -0.007988 -0.041455 0.999108
2.100000 22.797576 -1.612599 0.229498 0.000123 -0.007953 -0.042122 0.999081
2.200000 24.164133 -1.728517 0.251001 0.000206 -0.008150 -0.042383 0.999068
2.300000 25.554037 -1.844544 0.273945 0.000211 -0.008765 -0.041647 0.999094
2.400000 26.966508 -1.962699 0.297759 0.000151 -0.009243 -0.041567 0.999093
2.500000 28.400893 -2.083346 0.323382 0.000139 -0.009230 -0.041910 0.999079
2.600000 29.857685 -2.205325 0.350094 0.000162 -0.009450 -0.041786 0.999082
2.700000 31.336719 -2.328443 0.378331 0.000139 -0.010104 -0.041442 0.999090
2.800000 32.837196 -2.453634 0.407736 0.000096 -0.010525 -0.041521 0.999082
2.900000 34.358687 -2.581027 0.438915 0.000092 -0.010494 -0.041776 0.999072
3.000000 35.901678 -2.709683 0.471568 0.000103 -0.010898 -0.041601 0.999075
3.100000 37.465850 -2.839279 0.505534 0.000080 -0.011603 -0.041205 0.999083
3.200000 39.050212 -2.970592 0.541360 0.000049 -0.011798 -0.041202 0.999081
3.300000 40.654938 -3.104164 0.578639 0.000033 -0.011845 -0.041525 0.999067
3.400000 42.280348 -3.238466 0.617837 0.000050 -0.012506 -0.041191 0.999073
3.500000 43.925617 -3.373806 0.658330 0.000011 -0.013059 -0.040868 0.999079
3.600000 45.590089 -3.511528 0.700944 -0.000023 -0.013045 -0.041217 0.999065
3.700000 47.273885 -3.650153 0.745290 0.000001 -0.013494 -0.041061 0.999066
3.800000 48.972546 -3.789501 0.791006 -0.000042 -0.014204 -0.040810 0.999066
3.900000 50.673929 -3.929236 0.838635 -0.000055 -0.014228 -0.040877 0.999063
4.000000 52.367991 -4.068378 0.887152 -0.000059 -0.014364 -0.040958 0.999058
4.100000 54.051573 -4.206158 0.936674 -0.000073 -0.015043 -0.040773 0.999055
4.200000 55.728200 -4.343377 0.987250 -0.000103 -0.015353 -0.040755 0.999051
4.300000 57.405282 -4.481385 1.039072 -0.000123 -0.015415 -0.041090 0.999037
4.400000 59.088587 -4.619041 1.092576 -0.000106 -0.016120 -0.040781 0.999038
4.500000 60.777511 -4.757030 1.147164 -0.000160 -0.016700 -0.040646 0.999034
4.600000 62.467934 -4.895851 1.203481 -0.000173 -0.016679 -0.040960 0.999022
4.700000 64.156835 -5.033858 1.261047 -0.000155 -0.017141 -0.040755 0.999022
4.800000 65.842186 -5.171113 1.319412 -0.000196 -0.017846 -0.040505 0.999020
4.900000 67.524233 -5.308726 1.379444 -0.000225 -0.017924 -0.040768 0.999008
5.000000 69.206223 -5.446003 1.440509 -0.000207 -0.018172 -0.040720 0.999005
5.100000 70.890161 -5.583705 1.502933 -0.000261 -0.018924 -0.040795 0.998988
5.200000 72.575598 -5.721684 1.566742 -0.000263 -0.019241 -0.040850 0.998980
5.300000 74.261796 -5.859013 1.631837 -0.000248 -0.019284 -0.040550 0.998991
5.400000 75.947883 -5.996957 1.698437 -0.000313 -0.019949 -0.040763 0.998970
5.500000 77.632573 -6.134918 1.765896 -0.000313 -0.020488 -0.040886 0.998954
5.600000 79.315831 -6.272631 1.834917 -0.000312 -0.020471 -0.040821 0.998957
5.700000 80.999193 -6.410421 1.905246 -0.000334 -0.020972 -0.040801 0.998947
5.800000 82.682994 -6.548234 1.976497 -0.000363 -0.021694 -0.040794 0.998932
5.900000 84.366880 -6.686044 2.049543 -0.000366 -0.021773 -0.040792 0.998930
6.000000 86.051300 -6.823366 2.123663 -0.000362 -0.022023 -0.040580 0.998933
6.100000 87.735869 -6.961018 2.199066 -0.000418 -0.022761 -0.040700 0.998912
6.200000 89.419581 -7.098701 2.275788 -0.000417 -0.023053 -0.040793 0.998902
6.300000 91.102753 -7.235735 2.353621 -0.000405 -0.023056 -0.040553 0.998911
6.400000 92.785964 -7.372784 2.432159 -0.000436 -0.023374 -0.040517 0.998905
6.500000 94.469188 -7.510425 2.511066 -0.000458 -0.023630 -0.040799 0.998888
6.600000 96.152383 -7.647705 2.590717 -0.000431 -0.023617 -0.040700 0.998892
6.700000 97.835689 -7.784926 2.670375 -0.000444 -0.023589 -0.040612 0.998896
6.800000 99.519018 -7.922250 2.749921 -0.000443 -0.023571 -0.040644 0.998896
6.900000 101.202325 -8.059898 2.829383 -0.000450 -0.023561 -0.040802 0.998889
7.000000 102.885461 -8.197568 2.908796 -0.000438 -0.023555 -0.040825 0.998889
7.100000 104.568578 -8.334823 2.988182 -0.000431 -0.023552 -0.040624 0.998897
7.200000 106.251670 -8.472709 3.067556 -0.000458 -0.023550 -0.040845 0.998888
7.300000 107.934840 -8.610314 3.146926 -0.000427 -0.023551 -0.040778 0.998891
7.400000 109.618181 -8.747412 3.226300 -0.000431 -0.023551 -0.040533 0.998901
7.500000 111.301495 -8.884943 3.305674 -0.000452 -0.023549 -0.040691 0.998894
7.600000 112.984782 -9.022868 3.385047 -0.000447 -0.023549 -0.040921 0.998885
7.700000 114.668114 -9.160118 3.464418 -0.000420 -0.023550 -0.040650 0.998896
7.800000 116.351227 -9.297668 3.543784 -0.000451 -0.023548 -0.040700 0.998894
7.900000 118.034331 -9.435353 3.623148 -0.000438 -0.023549 -0.040792 0.998890
8.000000 119.717598 -9.572412 3.702512 -0.000425 -0.023550 -0.040551 0.998900
8.100000 121.400900 -9.710107 3.781883 -0.000458 -0.023548 -0.040770 0.998891
8.200000 123.084219 -9.847549 3.861255 -0.000427 -0.023550 -0.040728 0.998893
8.300000 124.767548 -9.984841 3.940628 -0.000441 -0.023549 -0.040639 0.998896
8.400000 126.450869 -10.122246 4.020000 -0.000441 -0.023549 -0.040671 0.998895
8.500000 128.134192 -10.259616 4.099372 -0.000440 -0.023549 -0.040680 0.998895
8.600000 129.817324 -10.397346 4.178739 -0.000449 -0.023549 -0.040832 0.998888
8.700000 131.500584 -10.534750 4.258103 -0.000428 -0.023550 -0.040703 0.998894
8.800000 133.183863 -10.672083 4.337391 -0.000440 -0.023505 -0.040631 0.998898
8.900000 134.866898 -10.809985 4.416021 -0.000440 -0.023209 -0.040876 0.998895
9.000000 136.550095 -10.947898 4.494196 -0.000413 -0.022989 -0.040915 0.998898
9.100000 138.233522 -11.085397 4.571590 -0.000404 -0.022935 -0.040695 0.998908
9.200000 139.916672 -11.222879 4.647640 -0.000393 -0.022379 -0.040653 0.998923
9.300000 141.599910 -11.360752 4.722889 -0.000381 -0.021905 -0.040847 0.998925
9.400000 143.283700 -11.498289 4.796696 -0.000358 -0.021874 -0.040733 0.998931
9.500000 144.967197 -11.635361 4.869128 -0.000341 -0.021362 -0.040517 0.998950
9.600000 146.650755 -11.773012 4.940858 -0.000345 -0.020860 -0.040746 0.998952
9.700000 148.334702 -11.910748 5.011176 -0.000327 -0.020844 -0.040839 0.998948
9.800000 150.018472 -12.047872 5.080162 -0.000295 -0.020366 -0.040577 0.998969
9.900000 151.702383 -12.185029 5.148472 -0.000291 -0.019833 -0.040534 0.998981
10.000000 153.386690 -12.322652 5.215361 -0.000298 -0.019813 -0.040752 0.998973
10.100000 155.070752 -12.460247 5.280944 -0.000268 -0.019372 -0.040796 0.998980
10.200000 156.754792 -12.597817 5.345829 -0.000247 -0.018811 -0.040750 0.998992
10.300000 158.439418 -12.735481 5.409283 -0.000246 -0.018772 -0.040736 0.998994
10.400000 160.123794 -12.872750 5.471486 -0.000219 -0.018379 -0.040586 0.999007
10.500000 161.808129 -13.010496 5.532940 -0.000220 -0.017795 -0.040775 0.999010
10.600000 163.492866 -13.148358 5.592973 -0.000201 -0.017732 -0.040856 0.999008
10.700000 165.177503 -13.286116 5.651786 -0.000187 -0.017384 -0.040797 0.999016
10.800000 166.862073 -13.423557 5.709793 -0.000154 -0.016784 -0.040630 0.999033
10.900000 168.547142 -13.561509 5.766414 -0.000175 -0.016690 -0.040814 0.999027
11.000000 170.232047 -13.699164 5.821838 -0.000136 -0.016389 -0.040749 0.999035
11.100000 171.916872 -13.836686 5.876387 -0.000123 -0.015779 -0.040673 0.999048
11.200000 173.602036 -13.974856 5.929606 -0.000132 -0.015649 -0.040918 0.999040
11.300000 175.287263 -14.112527 5.981633 -0.000090 -0.015392 -0.040751 0.999051
11.400000 176.972355 -14.249722 6.032697 -0.000073 -0.014785 -0.040507 0.999070
11.500000 178.657879 -14.387555 6.082542 -0.000091 -0.014608 -0.040751 0.999063
11.600000 180.343354 -14.525421 6.131171 -0.000065 -0.014392 -0.040850 0.999062
11.700000 182.028664 -14.662562 6.178751 -0.000023 -0.013791 -0.040542 0.999083
11.800000 183.714376 -14.800120 6.225218 -0.000046 -0.013569 -0.040639 0.999082
11.900000 185.400141 -14.937791 6.270440 -0.000026 -0.013391 -0.040746 0.999080
12.000000 187.085684 -15.075349 6.314541 -0.000001 -0.012796 -0.040721 0.999089
12.100000 188.771600 -15.212623 6.357625 0.000019 -0.012530 -0.040565 0.999098
12.200000 190.457614 -15.350245 6.399436 0.000004 -0.012387 -0.040689 0.999095
12.300000 192.143341 -15.488281 6.440058 0.000029 -0.011800 -0.040907 0.999093
12.400000 193.829412 -15.625777 6.479753 0.000067 -0.011491 -0.040680 0.999106
12.500000 195.515660 -15.763600 6.518147 0.000044 -0.011382 -0.040733 0.999105
12.600000 197.201649 -15.901145 6.555301 0.000091 -0.010806 -0.040660 0.999115
12.700000 198.887925 -16.038573 6.591601 0.000094 -0.010452 -0.040604 0.999121
12.800000 200.574389 -16.176613 6.626572 0.000082 -0.010372 -0.040855 0.999111
12.900000 202.260585 -16.314276 6.660263 0.000132 -0.009810 -0.040749 0.999121
13.000000 203.947005 -16.451871 6.693161 0.000136 -0.009416 -0.040659 0.999129
13.100000 205.633696 -16.589945 6.724634 0.000129 -0.009322 -0.040838 0.999122
13.200000 207.319945 -16.727602 6.754141 0.000186 -0.008481 -0.040722 0.999135
13.300000 209.006473 -16.865210 6.782459 0.000202 -0.007819 -0.040653 0.999143
13.400000 210.693575 -17.003457 6.808787 0.000185 -0.007836 -0.040901 0.999132
13.500000 212.380672 -17.141073 6.835015 0.000219 -0.007893 -0.040684 0.999141
13.600000 214.067648 -17.278932 6.861460 0.000186 -0.007927 -0.040726 0.999139
13.700000 215.754563 -17.416577 6.888056 0.000208 -0.007937 -0.040668 0.999141
13.800000 217.441415 -17.554434 6.914294 0.000194 -0.007745 -0.040764 0.999139
13.900000 219.128743 -17.691436 6.941218 0.000889 -0.008080 -0.040606 0.999142
14.000000 220.815575 -17.829893 6.967748 -0.000721 -0.008082 -0.040546 0.999145
14.100000 222.500564 -17.966558 6.990144 -0.000328 -0.004897 -0.040554 0.999165
14.200000 224.187554 -18.104091 7.007178 -0.001327 -0.003456 -0.040538 0.999171
14.300000 225.875911 -18.241405 7.018988 -0.001350 -0.003569 -0.040785 0.999161
14.400000 227.563972 -18.378812 7.030784 -0.001298 -0.003699 -0.040814 0.999159
14.500000 229.251663 -18.516142 7.043123 -0.001277 -0.003776 -0.040720 0.999163
14.600000 230.939119 -18.653870 7.055862 -0.001276 -0.003820 -0.040839 0.999158
14.700000 232.626710 -18.790860 7.068825 -0.001232 -0.003848 -0.040553 0.999169
14.800000 234.314035 -18.926684 7.080307 0.000318 -0.003149 -0.040456 0.999176
14.900000 236.000706 -19.065639 7.088698 -0.000755 -0.001371 -0.040788 0.999167
15.000000 237.688724 -19.197767 7.094003 0.001076 -0.000830 -0.039104 0.999234
15.100000 239.377039 -19.331246 7.095884 -0.000043 -0.000776 -0.038498 0.999258
15.200000 241.065316 -19.463854 7.098153 0.000168 -0.000573 -0.039069 0.999236
15.300000 242.754253 -19.592288 7.099921 0.000332 -0.000618 -0.037598 0.999293
15.400000 244.441474 -19.718903 7.101815 0.000236 -0.000638 -0.036818 0.999322
15.500000 246.117061 -19.845388 7.103895 0.000176 -0.000598 -0.037402 0.999300
15.600000 247.768567 -19.966742 7.106077 0.000287 -0.000523 -0.036449 0.999335
15.700000 249.388591 -20.084120 7.108270 0.000231 -0.000449 -0.035703 0.999362
15.800000 250.977973 -20.199669 7.110423 0.000181 -0.000417 -0.036009 0.999351
15.900000 252.543515 -20.311544 7.112525 0.000239 -0.000436 -0.035529 0.999369
16.000000 254.092363 -20.421083 7.114599 0.000207 -0.000476 -0.035082 0.999384
16.100000 255.627554 -20.530281 7.116663 0.000156 -0.000508 -0.035400 0.999373
16.200000 257.147452 -20.636892 7.118724 0.000215 -0.000518 -0.034968 0.999388
16.300000 258.648058 -20.741384 7.120776 0.000185 -0.000503 -0.034616 0.999401
16.400000 260.126418 -20.844883 7.122800 0.000152 -0.000482 -0.034872 0.999392
16.500000 261.582628 -20.945865 7.124785 0.000192 -0.000474 -0.034614 0.999401
16.600000 263.018743 -21.044977 7.126716 0.000204 -0.000468 -0.034401 0.999408
16.700000 264.435749 -21.143147 7.123342 0.000364 0.001830 -0.034559 0.999401
16.800000 265.836486 -21.239606 7.116766 0.000506 0.004811 -0.034379 0.999397
16.900000 267.222494 -21.335143 7.105471 0.000605 0.005505 -0.034402 0.999393
17.000000 268.590130 -21.428791 7.090740 0.000625 0.005022 -0.034149 0.999404
17.100000 269.932956 -21.520868 7.077167 0.000593 0.004845 -0.034185 0.999404
17.200000 271.250381 -21.610829 7.064666 0.000612 0.004798 -0.034072 0.999408
17.300000 272.545577 -21.699379 7.052690 0.000585 0.004760 -0.034116 0.999406
17.400000 273.822862 -21.786884 7.041106 0.000684 0.004683 -0.034216 0.999403
17.500000 275.085189 -21.872841 7.028617 0.000732 0.005086 -0.033967 0.999410
17.600000 276.333894 -21.958923 7.015833 0.000622 0.005663 -0.034318 0.999395
17.700000 277.568853 -22.044020 7.001814 0.000550 0.006224 -0.034407 0.999388
17.800000 278.789396 -22.126948 6.986714 0.000591 0.006589 -0.033938 0.999402
17.900000 279.994465 -22.209765 6.971254 0.000355 0.006760 -0.034150 0.999394
18.000000 281.183643 -22.291987 6.955472 0.000342 0.006734 -0.034508 0.999382
18.100000 282.350741 -22.371051 6.940042 0.000419 0.006750 -0.033911 0.999402
18.200000 283.484174 -22.449046 6.925156 0.000338 0.006792 -0.034222 0.999391
18.300000 284.590351 -22.525301 6.910664 0.000380 0.006784 -0.034378 0.999386
18.400000 285.680048 -22.600018 6.896420 0.000418 0.006705 -0.034267 0.999390
18.500000 286.768485 -22.674173 6.882240 0.000517 0.006558 -0.034021 0.999399
18.600000 287.867542 -22.749252 6.867939 0.000575 0.006409 -0.034041 0.999400
18.700000 288.980537 -22.826059 6.853568 0.000664 0.006318 -0.034369 0.999389
18.800000 290.102915 -22.903374 6.839235 0.000752 0.006269 -0.034379 0.999389
18.900000 291.227122 -22.980076 6.824925 0.000831 0.006260 -0.034062 0.999400
19.000000 292.347362 -23.057318 6.810713 0.000815 0.006284 -0.034288 0.999392
19.100000 293.461886 -23.134177 6.796623 0.000833 0.006314 -0.034363 0.999389
19.200000 294.572101 -23.210517 6.782572 0.000830 0.006324 -0.034293 0.999391
19.300000 295.680847 -23.286225 6.768526 0.000845 0.006316 -0.034046 0.999400
19.400000 296.790640 -23.362163 6.754458 0.000820 0.006301 -0.034055 0.999400
19.500000 297.902645 -23.438418 6.740358 0.000819 0.006288 -0.034144 0.999397
19.600000 299.016632 -23.514773 6.726236 0.000820 0.006282 -0.034163 0.999396
19.700000 300.131523 -23.591208 6.712106 0.000820 0.006284 -0.034167 0.999396
19.800000 301.246189 -23.667632 6.697983 0.000820 0.006291 -0.034168 0.999396
19.900000 302.360033 -23.744004 6.683871 0.000820 0.006297 -0.034168 0.999396
20.000000 303.473013 -23.820320 6.669767 0.000821 0.006300 -0.034169 0.999396
20.100000 304.585509 -23.896605 6.655666 0.000821 0.006300 -0.034169 0.999396
20.200000 305.697991 -23.972890 6.641565 0.000821 0.006298 -0.034169 0.999396
20.300000 306.810765 -24.049193 6.627459 0.000821 0.006295 -0.034169 0.999396
20.400000 307.923908 -24.125523 6.613349 0.000821 0.006293 -0.034169 0.999396
20.500000 309.037283 -24.201877 6.599238 0.000821 0.006293 -0.034169 0.999396
20.600000 310.150711 -24.278235 6.585127 0.000821 0.006293 -0.034169 0.999396
20.700000 311.264043 -24.354586 6.571017 0.000821 0.006295 -0.034169 0.999396
20.800000 312.377225 -24.430928 6.556908 0.000821 0.006295 -0.034169 0.999396
20.900000 313.490298 -24.507260 6.542801 0.000821 0.006295 -0.034169 0.999396
21.000000 314.603326 -24.583589 6.528694 0.000821 0.006295 -0.034169 0.999396
21.100000 315.716384 -24.659922 6.514586 0.000821 0.006295 -0.034169 0.999396
21.200000 316.829498 -24.736260 6.500478 0.000821 0.006295 -0.034169 0.999396
21.300000 317.942663 -24.812601 6.486360 0.000820 0.006300 -0.034169 0.999396
21.400000 319.055823 -24.888940 6.472102 0.000822 0.006362 -0.034169 0.999395
21.500000 320.168984 -24.965279 6.457786 0.000825 0.006435 -0.034169 0.999395
21.600000 321.282143 -25.041619 6.443420 0.000827 0.006486 -0.034169 0.999395
21.700000 322.395328 -25.117960 6.428899 0.000827 0.006484 -0.034169 0.999395
21.800000 323.508531 -25.193721 6.414363 0.000847 0.006479 -0.033936 0.999403
21.900000 324.621671 -25.270218 6.399835 0.000804 0.006477 -0.034180 0.999394
22.000000 325.734815 -25.346721 6.385318 0.000828 0.006475 -0.034258 0.999392
22.100000 326.847982 -25.423022 6.370807 0.000828 0.006474 -0.034188 0.999394
22.200000 327.961142 -25.499372 6.356252 0.000827 0.006500 -0.034173 0.999394
22.300000 329.074131 -25.575702 6.340838 0.000839 0.006880 -0.034169 0.999392
22.400000 330.187169 -25.652030 6.325083 0.000855 0.007319 -0.034168 0.999389
22.500000 331.300331 -25.728363 6.309019 0.000867 0.007625 -0.034168 0.999387
22.600000 332.413751 -25.804715 6.292012 0.000867 0.007615 -0.034168 0.999387
22.700000 333.527183 -25.880489 6.274905 0.000886 0.007586 -0.033935 0.999395
22.800000 334.640489 -25.957231 6.257865 0.000834 0.007571 -0.034276 0.999383
22.900000 335.753466 -26.033357 6.239487 0.000903 0.008183 -0.034132 0.999383
23.000000 336.866477 -26.109371 6.220093 0.000913 0.009056 -0.034041 0.999379
23.100000 337.979612 -26.186204 6.200419 0.000920 0.009813 -0.034342 0.999362
23.200000 339.093397 -26.262879 6.178719 0.000945 0.009847 -0.034347 0.999361
23.300000 340.207246 -26.338821 6.156592 0.000964 0.009786 -0.034028 0.999373
23.400001 341.320976 -26.414960 6.134585 0.000937 0.009748 -0.034020 0.999373
23.500000 342.434375 -26.491239 6.111770 0.000949 0.010165 -0.034107 0.999366
23.600000 343.547652 -26.567461 6.087619 0.000980 0.011025 -0.034125 0.999356
23.700001 344.661003 -26.644277 6.063328 0.000990 0.011871 -0.034362 0.999338
23.800000 345.775036 -26.720414 6.037176 0.001041 0.012010 -0.034121 0.999345
23.900001 346.889211 -26.796557 6.010249 0.001016 0.011949 -0.034043 0.999348
24.000000 348.003286 -26.872902 5.983405 0.001012 0.011904 -0.034112 0.999347
24.100000 349.117126 -26.949179 5.956164 0.001019 0.012148 -0.034129 0.999343
24.200001 350.230697 -27.025444 5.927341 0.001047 0.012987 -0.034131 0.999332
24.300000 351.344366 -27.101721 5.898265 0.001078 0.013849 -0.034131 0.999321
24.400001 352.458533 -27.178035 5.867831 0.001093 0.014167 -0.034131 0.999316
24.500000 353.573004 -27.254368 5.836132 0.001090 0.014110 -0.034130 0.999317
24.600000 354.687398 -27.330692 5.804451 0.001088 0.014060 -0.034130 0.999318
24.700001 355.801674 -27.407012 5.772808 0.001087 0.014093 -0.034131 0.999317
24.800000 356.915739 -27.483312 5.740384 0.001101 0.014482 -0.034130 0.999312
24.900001 358.029806 -27.560194 5.707762 0.001093 0.014912 -0.034363 0.999298
25.000000 359.144135 -27.635938 5.674725 0.001165 0.015155 -0.033948 0.999308
25.100000 360.258691 -27.711804 5.640857 0.001125 0.015134 -0.033876 0.999311
25.200001 361.373166 -27.788569 5.606943 0.001099 0.015107 -0.034244 0.999299
25.300000 362.487620 -27.865092 5.573107 0.001123 0.015090 -0.034264 0.999298
25.400001 363.602063 -27.941459 5.539334 0.001123 0.015080 -0.034181 0.999301
25.500000 364.716533 -28.017298 5.505595 0.001144 0.015074 -0.033929 0.999310
25.600000 365.830958 -28.093863 5.471873 0.001099 0.015072 -0.034168 0.999302
25.700001 366.945396 -28.170429 5.438160 0.001122 0.015070 -0.034246 0.999299
25.800000 368.059892 -28.246215 5.404451 0.001146 0.015068 -0.033943 0.999310
25.900001 369.174377 -28.322211 5.370747 0.001122 0.015068 -0.033938 0.999310
26.000000 370.288814 -28.398946 5.337043 0.001099 0.015069 -0.034258 0.999299
26.100000 371.403262 -28.475479 5.303336 0.001123 0.015068 -0.034266 0.999299
26.200001 372.517721 -28.551857 5.269634 0.001123 0.015068 -0.034181 0.999301
26.300000 373.632178 -28.628277 5.235929 0.001121 0.015068 -0.034161 0.999302
26.400001 374.746635 -28.704681 5.202224 0.001122 0.015068 -0.034157 0.999302
26.500000 375.861090 -28.781081 5.168521 0.001122 0.015068 -0.034157 0.999302
26.600000 376.975549 -28.857469 5.134818 0.001122 0.015067 -0.034156 0.999302
26.700001 378.090009 -28.933856 5.101114 0.001122 0.015067 -0.034156 0.999302
26.800000 379.204464 -29.010243 5.067410 0.001122 0.015067 -0.034156 0.999302
26.900001 380.318924 -29.086629 5.033706 0.001122 0.015067 -0.034156 0.999302
27.000000 381.433416 -29.162447 5.000004 0.001144 0.015067 -0.033923 0.999310
27.100000 382.547902 -29.238425 4.966301 0.001121 0.015068 -0.033934 0.999310
27.200001 383.662407 -29.314002 4.932599 0.001144 0.015067 -0.033791 0.999315
27.300000 384.776887 -29.389706 4.898896 0.001123 0.015068 -0.033821 0.999314
27.400001 385.891356 -29.465601 4.865194 0.001123 0.015066 -0.033916 0.999311
27.500000 387.005822 -29.541473 4.831507 0.001122 0.015061 -0.033936 0.999310
27.600000 388.120408 -29.615847 4.797858 0.001179 0.015037 -0.033325 0.999331
27.700001 389.234958 -29.690668 4.764234 0.001119 0.015018 -0.033355 0.999330
27.800000 390.349479 -29.765942 4.730628 0.001115 0.015004 -0.033592 0.999322
27.900001 391.463991 -29.841126 4.697063 0.001119 0.015005 -0.033645 0.999321
28.000000 392.578537 -29.915786 4.663507 0.001142 0.015005 -0.033424 0.999328
28.100000 393.693158 -29.989827 4.629944 0.001151 0.015006 -0.033108 0.999338
28.200001 394.807732 -30.064282 4.596381 0.001120 0.015007 -0.033213 0.999335
28.300000 395.922278 -30.138949 4.562816 0.001121 0.015007 -0.033360 0.999330
28.400001 397.036866 -30.213013 4.529249 0.001145 0.015007 -0.033160 0.999337
28.500000 398.151437 -30.287276 4.495682 0.001123 0.015008 -0.033178 0.999336
28.600000 399.265996 -30.361730 4.462114 0.001123 0.015008 -0.033269 0.999333
28.700001 400.380610 -30.435346 4.428548 0.001157 0.015006 -0.032961 0.999343
28.800000 401.495207 -30.509214 4.394981 0.001125 0.015007 -0.032980 0.999343
28.900001 402.609791 -30.583336 4.361413 0.001125 0.015008 -0.033108 0.999338
29.000000 403.724375 -30.657411 4.327846 0.001127 0.015007 -0.033137 0.999338
29.100000 404.838997 -30.730944 4.294279 0.001150 0.015007 -0.032910 0.999345
29.200001 405.953604 -30.804654 4.260711 0.001128 0.015007 -0.032922 0.999345
29.300000 407.068200 -30.878546 4.227146 0.001126 0.015007 -0.033012 0.999342
29.400001 408.182801 -30.952402 4.193583 0.001123 0.015005 -0.033032 0.999341
29.500000 409.297402 -31.026278 4.160021 0.001119 0.015004 -0.033036 0.999341
29.600000 410.412054 -31.099353 4.126468 0.001149 0.015000 -0.032707 0.999352
29.700001 411.526691 -31.172660 4.092922 0.001114 0.014997 -0.032723 0.999351
29.800000 412.641313 -31.246213 4.059396 0.001108 0.014987 -0.032849 0.999347
29.900001 413.755746 -31.320075 4.025250 0.000521 0.015304 -0.032871 0.999342
30.000000 414.869998 -31.392725 3.989394 0.001216 0.016174 -0.032856 0.999328
30.100000 415.984739 -31.465538 3.954988 0.001663 0.016304 -0.032535 0.999336
30.200001 417.099791 -31.540179 3.919893 0.000921 0.015672 -0.033043 0.999331
30.300000 418.214946 -31.613064 3.884166 0.001838 0.014879 -0.032953 0.999344
30.400001 419.329434 -31.686653 3.850524 0.001917 0.014827 -0.032824 0.999349
30.500000 420.443885 -31.761035 3.817334 0.001875 0.014860 -0.033114 0.999339
30.600000 421.558495 -31.834212 3.784050 0.001835 0.014918 -0.032709 0.999352
30.700001 422.672611 -31.908232 3.748643 -0.000379 0.015907 -0.032510 0.999345
30.800000 423.787210 -31.981987 3.713781 -0.001351 0.016344 -0.032983 0.999321
30.900001 424.902048 -32.054210 3.679140 -0.001827 0.016321 -0.032485 0.999337
31.000000 426.016843 -32.126387 3.640329 -0.001516 0.016481 -0.032672 0.999329
31.100000 427.131248 -32.199902 3.603482 -0.000720 0.016993 -0.032985 0.999311
31.200001 428.246176 -32.272303 3.567839 -0.000277 0.016786 -0.032579 0.999328
31.300000 429.361642 -32.345207 3.530162 0.001196 0.015826 -0.033020 0.999329
31.400001 430.476460 -32.419496 3.494232 0.001533 0.015613 -0.033161 0.999327
31.500000 431.591084 -32.492474 3.459250 0.001519 0.015639 -0.032636 0.999344
31.600000 432.705770 -32.565695 3.424310 0.001428 0.015666 -0.032626 0.999344
31.700001 433.820398 -32.640148 3.389299 0.001358 0.015683 -0.033178 0.999325
31.800000 434.935139 -32.712961 3.354232 0.001433 0.015688 -0.032673 0.999342
31.900001 436.049874 -32.785863 3.319134 0.001373 0.015695 -0.032549 0.999346
32.000000 437.164508 -32.860211 3.284015 0.001325 0.015700 -0.033119 0.999327
32.100000 438.279218 -32.933615 3.248891 0.001386 0.015699 -0.032906 0.999334
32.200001 439.393927 -33.006912 3.213761 0.001362 0.015701 -0.032769 0.999339
32.300000 440.508620 -33.080450 3.178627 0.001359 0.015701 -0.032826 0.999337
32.400001 441.623325 -33.153937 3.143493 0.001360 0.015701 -0.032839 0.999336
32.500000 442.738058 -33.226850 3.108361 0.001382 0.015700 -0.032609 0.999344
32.600000 443.852737 -33.300739 3.073224 0.001328 0.015703 -0.032949 0.999333
32.700001 444.967383 -33.374641 3.038002 0.001252 0.015749 -0.033022 0.999330
32.800000 446.082071 -33.447456 3.002401 0.000985 0.015948 -0.032576 0.999342
32.900001 447.196645 -33.521130 2.966405 0.000906 0.016269 -0.032876 0.999327
33.000000 448.311378 -33.593928 2.930084 0.000835 0.016506 -0.032563 0.999333
33.100000 449.426163 -33.667738 2.893310 0.000602 0.016590 -0.032938 0.999320
33.200001 450.541011 -33.740494 2.856234 0.000689 0.016570 -0.032646 0.999329
33.300000 451.655799 -33.813960 2.819172 0.000632 0.016556 -0.032843 0.999323
33.400001 452.770621 -33.886785 2.782158 0.000700 0.016545 -0.032622 0.999331
33.500000 453.885412 -33.960097 2.745175 0.000652 0.016541 -0.032770 0.999326
33.600000 455.000536 -34.033908 2.709265 0.000999 0.015962 -0.033096 0.999324
33.700001 456.114880 -34.107051 2.672351 0.000799 0.016392 -0.032724 0.999330
33.800000 457.228355 -34.180582 2.628742 0.000802 0.018976 -0.032896 0.999278
33.900001 458.341255 -34.253431 2.587526 0.001160 0.022697 -0.032683 0.999207
34.000000 459.457354 -34.326624 2.541750 0.001456 0.022092 -0.032655 0.999221
34.100000 460.572679 -34.400773 2.489448 0.001208 0.022269 -0.033008 0.999206
34.200001 461.687508 -34.473829 2.433577 0.001380 0.023620 -0.032800 0.999182
34.300000 462.801415 -34.546316 2.381617 0.001600 0.026334 -0.032380 0.999127
34.400001 463.916945 -34.620732 2.323437 0.001118 0.026995 -0.032957 0.999092
34.500000 465.032412 -34.693752 2.260616 0.001037 0.027962 -0.032739 0.999072
34.600000 466.147520 -34.766685 2.196221 0.000579 0.029527 -0.032541 0.999034
34.700001 467.262911 -34.840230 2.130100 0.000736 0.030756 -0.032926 0.998984
34.800000 468.379358 -34.913773 2.063509 0.001142 0.030416 -0.032942 0.998994
34.900001 469.496171 -34.987336 1.996359 0.000855 0.029265 -0.032849 0.999031
35.000000 470.612667 -35.060402 1.929944 0.001468 0.028374 -0.032865 0.999056
35.100000 471.728480 -35.134123 1.866049 0.001609 0.028286 -0.032872 0.999058
35.200001 472.844295 -35.207825 1.802769 0.001595 0.028321 -0.032872 0.999057
35.300000 473.960221 -35.281461 1.739413 0.001584 0.028371 -0.032873 0.999056
35.400001 475.075468 -35.355030 1.673013 0.001619 0.029695 -0.032869 0.999017
35.500000 476.190838 -35.427789 1.604906 0.001701 0.031354 -0.032539 0.998977
35.600000 477.306468 -35.501786 1.535921 0.001655 0.032659 -0.032953 0.998922
35.700001 478.422983 -35.574803 1.463131 0.001736 0.032667 -0.032666 0.998931
35.800000 479.539335 -35.648329 1.389767 0.001671 0.032563 -0.032789 0.998930
35.900001 480.655494 -35.722059 1.316650 0.001687 0.032494 -0.032906 0.998929
36.000000 481.771660 -35.794556 1.243778 0.001736 0.032453 -0.032443 0.998945
36.100000 482.887747 -35.868527 1.171048 0.001641 0.032434 -0.032909 0.998931
36.200001 484.003977 -35.941481 1.098392 0.001730 0.032418 -0.032641 0.998940
36.300000 485.120271 -36.014890 1.025772 0.001669 0.032413 -0.032744 0.998937
36.400001 486.236550 -36.088523 0.953170 0.001686 0.032409 -0.032857 0.998933
36.500000 487.352921 -36.161919 0.880576 0.001690 0.032407 -0.032795 0.998935
36.600000 488.469243 -36.235363 0.807987 0.001689 0.032406 -0.032781 0.998936
36.700001 489.585541 -36.308225 0.735406 0.001716 0.032405 -0.032546 0.998943
36.800000 490.701845 -36.381246 0.662826 0.001693 0.032405 -0.032555 0.998943
36.900001 491.818101 -36.455004 0.590246 0.001665 0.032406 -0.032877 0.998933
37.000000 492.934354 -36.528564 0.517667 0.001688 0.032405 -0.032887 0.998932
37.100000 494.050633 -36.601976 0.445087 0.001690 0.032405 -0.032802 0.998935
37.200001 495.166893 -36.675431 0.372507 0.001689 0.032405 -0.032783 0.998936
37.300000 496.283169 -36.748874 0.299927 0.001689 0.032404 -0.032779 0.998936
37.400001 497.399446 -36.822308 0.227349 0.001689 0.032405 -0.032778 0.998936
37.500000 498.515708 -36.895740 0.154769 0.001689 0.032405 -0.032778 0.998936
37.600000 499.631985 -36.969170 0.082191 0.001689 0.032405 -0.032778 0.998936
37.700001 500.748248 -37.042593 0.009611 0.001689 0.032405 -0.032778 0.998936
37.800000 501.864525 -37.116013 -0.062968 0.001689 0.032405 -0.032778 0.998936
37.900001 502.980840 -37.188868 -0.135547 0.001715 0.032404 -0.032546 0.998943
38.000000 504.097076 -37.262692 -0.208126 0.001655 0.032406 -0.032883 0.998932
38.100000 505.213369 -37.335883 -0.280706 0.001712 0.032404 -0.032727 0.998937
38.200001 506.329616 -37.409537 -0.353286 0.001666 0.032405 -0.032863 0.998933
38.300000 507.445911 -37.482693 -0.425865 0.001712 0.032404 -0.032687 0.998939
38.400001 508.562210 -37.555793 -0.498444 0.001692 0.032404 -0.032621 0.998941
38.500000 509.678479 -37.629102 -0.571023 0.001690 0.032404 -0.032694 0.998939
38.600000 510.794767 -37.702366 -0.643601 0.001691 0.032404 -0.032711 0.998938
38.700001 511.911039 -37.775639 -0.716180 0.001691 0.032404 -0.032714 0.998938
38.800000 513.027326 -37.848924 -0.788760 0.001691 0.032404 -0.032714 0.998938
38.900001 514.143612 -37.922210 -0.861339 0.001691 0.032404 -0.032714 0.998938
39.000000 515.259883 -37.995497 -0.933918 0.001691 0.032404 -0.032715 0.998938
39.100000 516.376170 -38.068784 -1.006498 0.001691 0.032404 -0.032715 0.998938
39.200001 517.492441 -38.142070 -1.079076 0.001691 0.032404 -0.032715 0.998938
39.300000 518.608727 -38.215357 -1.151656 0.001691 0.032404 -0.032715 0.998938
39.400001 519.725014 -38.288645 -1.224235 0.001691 0.032404 -0.032715 0.998938
39.500000 520.841285 -38.361932 -1.296814 0.001691 0.032404 -0.032715 0.998938
39.600000 521.957571 -38.435219 -1.369393 0.001691 0.032404 -0.032715 0.998938
39.700001 523.073842 -38.508506 -1.441972 0.001691 0.032404 -0.032715 0.998938
39.800000 524.190129 -38.581793 -1.514551 0.001691 0.032404 -0.032715 0.998938
39.900001 525.306415 -38.655080 -1.587130 0.001691 0.032404 -0.032715 0.998938
40.000000 526.422686 -38.728367 -1.659710 0.001691 0.032404 -0.032715 0.998938
40.100000 527.538973 -38.801654 -1.732288 0.001691 0.032404 -0.032715 0.998938
40.200001 528.655244 -38.874941 -1.804868 0.001691 0.032404 -0.032715 0.998938
40.300000 529.771530 -38.948228 -1.877447 0.001691 0.032404 -0.032715 0.998938
40.400001 530.887817 -39.021516 -1.950026 0.001691 0.032404 -0.032715 0.998938
40.500001 532.004088 -39.094802 -2.022605 0.001691 0.032404 -0.032715 0.998938
40.600001 533.120374 -39.168089 -2.095184 0.001691 0.032404 -0.032715 0.998938
40.700001 534.236645 -39.241376 -2.167764 0.001691 0.032404 -0.032715 0.998938
40.800001 535.352932 -39.314663 -2.240343 0.001691 0.032404 -0.032715 0.998938
40.900001 536.469218 -39.387951 -2.312921 0.001691 0.032404 -0.032715 0.998938
41.000001 537.585489 -39.461238 -2.385500 0.001691 0.032404 -0.032715 0.998938
41.100001 538.701776 -39.534524 -2.458080 0.001691 0.032404 -0.032715 0.998938
41.200001 539.818047 -39.607811 -2.530659 0.001691 0.032404 -0.032715 0.998938
41.300001 540.934333 -39.681098 -2.603237 0.001691 0.032404 -0.032715 0.998938
41.400001 542.050619 -39.754386 -2.675817 0.001691 0.032404 -0.032715 0.998938
41.500001 543.166891 -39.827673 -2.748396 0.001691 0.032404 -0.032715 0.998938
41.600001 544.283140 -39.901533 -2.820976 0.001664 0.032405 -0.032948 0.998930
41.700001 545.399385 -39.975231 -2.893556 0.001687 0.032405 -0.032938 0.998930
41.800001 546.515655 -40.048759 -2.966136 0.001689 0.032405 -0.032848 0.998933
41.900001 547.631887 -40.122895 -3.038715 0.001661 0.032406 -0.033061 0.998926
42.000001 548.748152 -40.196280 -3.111295 0.001711 0.032404 -0.032815 0.998935
42.100001 549.864433 -40.269648 -3.183874 0.001689 0.032405 -0.032734 0.998937
42.200001 550.980649 -40.343784 -3.256455 0.001660 0.032406 -0.033035 0.998927
42.300001 552.096947 -40.416899 -3.329033 0.001721 0.032403 -0.032713 0.998938
42.400001 553.213240 -40.490080 -3.401612 0.001691 0.032404 -0.032641 0.998940
42.500001 554.329500 -40.563538 -3.474191 0.001688 0.032405 -0.032748 0.998937
42.600001 555.445780 -40.636935 -3.546771 0.001689 0.032405 -0.032772 0.998936
42.700001 556.562043 -40.710344 -3.619351 0.001689 0.032405 -0.032778 0.998936
42.800001 557.678284 -40.784338 -3.691931 0.001662 0.032406 -0.033011 0.998928
42.900001 558.794571 -40.857608 -3.764510 0.001711 0.032404 -0.032770 0.998936
43.000001 559.910844 -40.930869 -3.837088 0.001690 0.032405 -0.032690 0.998939
43.100001 561.027119 -41.004336 -3.909668 0.001688 0.032405 -0.032760 0.998936
43.200001 562.143508 -41.077756 -3.981924 0.001685 0.032251 -0.032776 0.998941
43.300001 563.259942 -41.151763 -4.053702 0.001648 0.031953 -0.033012 0.998943
43.400001 564.376302 -41.224801 -4.125406 0.001698 0.031661 -0.032676 0.998963
43.500001 565.492416 -41.298456 -4.196443 0.001639 0.031618 -0.032833 0.998959
43.600001 566.608572 -41.372231 -4.267226 0.001659 0.031638 -0.032930 0.998955
43.700001 567.724849 -41.445778 -4.338046 0.001663 0.031652 -0.032864 0.998957
43.800001 568.841123 -41.519371 -4.408916 0.001662 0.031661 -0.032850 0.998957
43.900001 569.957524 -41.592966 -4.479395 0.001658 0.031457 -0.032847 0.998964
44.000001 571.074107 -41.666573 -4.548777 0.001638 0.030871 -0.032848 0.998982
44.100001 572.190677 -41.740175 -4.617983 0.001619 0.030277 -0.032848 0.999000
44.200001 573.306977 -41.813190 -4.686136 0.001636 0.030090 -0.032615 0.999014
44.300001 574.423043 -41.887157 -4.753500 0.001578 0.030131 -0.032953 0.999001
44.400001 575.539179 -41.960496 -4.820889 0.001636 0.030162 -0.032797 0.999005
44.500001 576.655307 -42.033724 -4.888375 0.001618 0.030181 -0.032701 0.999008
44.600001 577.771543 -42.107192 -4.955704 0.001613 0.030072 -0.032766 0.999009
44.700001 578.888092 -42.179821 -5.021876 0.001632 0.029507 -0.032452 0.999036
44.800001 580.004521 -42.253673 -5.087773 0.001535 0.028914 -0.032871 0.999040
44.900001 581.120725 -42.326902 -5.152924 0.001590 0.028621 -0.032748 0.999052
45.000001 582.236725 -42.399938 -5.217025 0.001571 0.028655 -0.032632 0.999055
45.100001 583.352694 -42.473225 -5.281098 0.001568 0.028691 -0.032693 0.999052
45.200001 584.468725 -42.546466 -5.345271 0.001570 0.028711 -0.032707 0.999051
45.300001 585.584894 -42.619723 -5.409441 0.001566 0.028675 -0.032709 0.999052
45.400001 586.701336 -42.693007 -5.472469 0.001549 0.028149 -0.032711 0.999067
45.500001 587.817593 -42.766854 -5.535079 0.001505 0.027553 -0.032945 0.999076
45.600001 588.933715 -42.840533 -5.597206 0.001517 0.027160 -0.032935 0.999087
45.700001 590.049529 -42.914023 -5.658076 0.001519 0.027180 -0.032846 0.999090
45.800001 591.165343 -42.987549 -5.718838 0.001518 0.027218 -0.032826 0.999089
45.900001 592.281360 -43.060496 -5.779702 0.001545 0.027240 -0.032589 0.999096
46.000001 593.397360 -43.134165 -5.840645 0.001494 0.027250 -0.032830 0.999088
46.100001 594.513656 -43.207020 -5.900584 0.001537 0.026789 -0.032572 0.999109
46.200001 595.629844 -43.280468 -5.959917 0.001463 0.026192 -0.032747 0.999119
46.300001 596.745876 -43.354029 -6.018978 0.001469 0.025710 -0.032848 0.999129
46.400001 597.861559 -43.427348 -6.076659 0.001472 0.025705 -0.032783 0.999131
