0.000000 0.000000 0.000000 0.000000 -0.000000 -0.000000 -0.000000 1.000000
0.100000 0.583581 0.000064 -0.038797 0.000258 -0.001128 0.000035 0.999999
0.200000 1.163055 0.000179 -0.071660 0.000419 -0.002135 0.000058 0.999998
0.300000 1.743112 0.000402 -0.103241 0.000588 -0.003144 0.000082 0.999995
0.400000 2.322960 0.000634 -0.132790 0.000778 -0.004129 0.000108 0.999991
0.500000 2.906636 0.000818 -0.167448 0.000981 -0.005304 0.000139 0.999985
0.600000 3.484447 0.000925 -0.187042 0.001122 -0.006066 0.000166 0.999981
0.700000 4.069236 0.000993 -0.217416 0.001301 -0.007172 0.000205 0.999973
0.800000 4.651322 0.001372 -0.244842 0.001519 -0.008228 0.000238 0.999965
0.900000 5.232099 0.001539 -0.265220 0.001683 -0.009091 0.000274 0.999957
1.000000 5.805838 0.002441 -0.286162 0.001888 -0.010034 0.000283 0.999948
1.100000 6.380587 0.003192 -0.303746 0.002072 -0.010908 0.000297 0.999938
1.200000 6.956793 0.003272 -0.313327 0.002132 -0.011565 0.000323 0.999931
1.300000 7.211656 0.027798 -0.302051 0.002004 -0.011624 -0.000854 0.999930
1.400000 7.788503 0.026639 -0.310087 0.002104 -0.012255 -0.000822 0.999922
1.500000 8.382510 0.024687 -0.326053 0.002304 -0.013136 -0.000731 0.999911
1.600000 8.970707 0.023723 -0.346141 0.002587 -0.014183 -0.000666 0.999896
1.700000 9.563624 0.021784 -0.354124 0.002770 -0.014874 -0.000568 0.999885
1.800000 10.152845 0.020386 -0.364041 0.002951 -0.015663 -0.000488 0.999873
1.900000 10.739823 0.019036 -0.370789 0.003107 -0.016369 -0.000413 0.999861
2.000000 11.317573 0.018663 -0.378694 0.003243 -0.017152 -0.000382 0.999848
2.100000 11.904740 0.017333 -0.379474 0.003398 -0.017745 -0.000299 0.999837
2.200000 12.188792 0.037733 -0.365516 0.003227 -0.017837 -0.001460 0.999835
2.300000 12.794995 0.034256 -0.375387 0.003464 -0.018724 -0.001307 0.999818
2.400000 13.065162 0.055038 -0.361444 0.003352 -0.018809 -0.002547 0.999814
2.500000 13.652273 0.050730 -0.355159 0.003414 -0.019246 -0.002456 0.999806
2.600000 14.238574 0.047666 -0.364683 0.003682 -0.020188 -0.002384 0.999787
2.700000 14.844973 0.042396 -0.358322 0.003840 -0.020667 -0.002205 0.999777
2.800000 15.449487 0.038362 -0.362356 0.004122 -0.021477 -0.002045 0.999759
2.900000 16.025480 0.036839 -0.367224 0.004432 -0.022352 -0.002015 0.999738
3.000000 16.618681 0.039627 -0.367153 0.004837 -0.023099 0.000365 0.999721
3.100000 17.188932 0.039337 -0.345248 0.004600 -0.023249 0.000302 0.999719
3.200000 17.769321 0.038883 -0.346659 0.004958 -0.024072 -0.000104 0.999698
3.300000 18.347729 0.039764 -0.332958 0.005095 -0.024465 0.000549 0.999688
3.400000 18.938606 0.040036 -0.326175 0.005284 -0.025081 0.000677 0.999671
3.500000 19.511884 0.041358 -0.320868 0.005478 -0.025758 0.000687 0.999653
3.600000 20.086384 0.043462 -0.315178 0.005715 -0.026431 0.000939 0.999634
3.700000 20.663744 0.044421 -0.299911 0.005811 -0.026860 0.000981 0.999622
3.800000 21.239325 0.046359 -0.292572 0.006034 -0.027557 0.001066 0.999601
3.900000 21.829636 0.063217 -0.280604 0.006590 -0.028147 0.007813 0.999552
4.000000 22.404072 0.086719 -0.250038 0.006034 -0.028216 0.013691 0.999490
4.100000 22.953790 0.095235 -0.219030 0.005559 -0.028232 0.010715 0.999529
4.200000 23.536452 0.108245 -0.200007 0.006048 -0.028601 0.011455 0.999507
4.300000 24.120700 0.127533 -0.199095 0.006349 -0.029539 0.013423 0.999453
4.400000 24.691441 0.141609 -0.173154 0.006217 -0.029753 0.013058 0.999453
4.500000 25.274919 0.158634 -0.165829 0.006599 -0.030510 0.013613 0.999420
4.600000 25.846651 0.176329 -0.147172 0.006710 -0.030963 0.014331 0.999395
4.700000 26.429551 0.193854 -0.135796 0.006996 -0.031641 0.014536 0.999369
4.800000 27.009782 0.227933 -0.110650 0.007462 -0.031966 0.021972 0.999220
4.900000 27.572898 0.267636 -0.075663 0.006852 -0.032073 0.027717 0.999078
5.000000 28.137840 0.295301 -0.041556 0.006516 -0.032135 0.026286 0.999117
5.100000 28.715075 0.330538 -0.021792 0.007005 -0.032598 0.028272 0.999044
5.200000 29.297155 0.369982 -0.001833 0.007124 -0.033085 0.030699 0.998956
5.300000 29.866475 0.406153 0.028524 0.007030 -0.033290 0.031159 0.998935
5.400000 30.438969 0.445556 0.046059 0.007259 -0.033875 0.032361 0.998876
5.500000 31.009760 0.486345 0.064885 0.007388 -0.034438 0.033537 0.998817
5.600000 31.559020 0.526742 0.080441 0.007574 -0.035083 0.034091 0.998774
5.700000 32.132072 0.583351 0.103662 0.008119 -0.035566 0.041107 0.998489
5.800000 32.695978 0.645791 0.143854 0.007574 -0.035646 0.047225 0.998219
5.900000 33.262925 0.698281 0.182041 0.007244 -0.035721 0.046708 0.998243
6.000000 33.834481 0.758608 0.210950 0.007607 -0.036048 0.049397 0.998100
6.100000 34.412780 0.823557 0.235888 0.007626 -0.036542 0.052158 0.997941
6.200000 34.981389 0.885569 0.270025 0.007523 -0.036745 0.053139 0.997882
6.300000 35.555158 0.951076 0.298948 0.007707 -0.037107 0.054791 0.997778
6.400000 36.126420 1.018305 0.326805 0.007850 -0.037517 0.056306 0.997678
6.500000 36.697634 1.086179 0.351708 0.008026 -0.038058 0.057316 0.997598
6.600000 37.269968 1.155479 0.378375 0.008230 -0.038558 0.058413 0.997514
6.700000 37.850871 1.242249 0.410746 0.008678 -0.038905 0.066134 0.997014
6.800000 38.404385 1.334057 0.451889 0.008040 -0.039073 0.072899 0.996541
6.900000 38.963196 1.414785 0.494194 0.007625 -0.039179 0.072271 0.996586
7.000000 39.545084 1.505892 0.528438 0.008005 -0.039488 0.074951 0.996373
7.100000 39.812443 1.559016 0.555631 0.007648 -0.039589 0.076537 0.996251
7.200000 40.393605 1.651041 0.598477 0.007477 -0.039713 0.077638 0.996162
7.300000 40.965042 1.745256 0.630563 0.007622 -0.040133 0.079348 0.996010
7.400000 41.533632 1.841858 0.653681 0.007860 -0.040815 0.080976 0.995849
7.500000 41.812302 1.893754 0.681012 0.007647 -0.040952 0.080619 0.995874
7.600000 42.390611 2.006013 0.718801 0.008088 -0.041201 0.088038 0.995232
7.700000 42.955808 2.123692 0.765577 0.007504 -0.041322 0.094539 0.994635
7.800000 43.520445 2.231223 0.811541 0.007195 -0.041406 0.094332 0.994653
7.900000 44.089511 2.347392 0.848220 0.007519 -0.041695 0.097282 0.994355
8.000000 44.659097 2.468038 0.882055 0.007542 -0.042118 0.100262 0.994041
8.100000 45.218772 2.585398 0.922321 0.007514 -0.042344 0.101432 0.993913
8.200000 45.781901 2.706585 0.956051 0.007709 -0.042757 0.103239 0.993707
8.300000 46.340782 2.828450 0.992639 0.007761 -0.043130 0.104871 0.993520
8.400000 46.897743 2.950650 1.028519 0.007869 -0.043534 0.105990 0.993383
8.500000 47.455176 3.089172 1.071634 0.008229 -0.043692 0.113434 0.992550
8.600000 47.985876 3.230268 1.119315 0.007576 -0.043827 0.119877 0.991792
8.700000 48.477236 3.352703 1.164576 0.007255 -0.043900 0.119190 0.991874
8.800000 49.029819 3.494582 1.210835 0.007503 -0.043985 0.121979 0.991529
8.900000 49.588174 3.642388 1.245037 0.007540 -0.044494 0.124930 0.991139
9.000000 50.150682 3.788926 1.291578 0.007472 -0.044660 0.126089 0.990985
9.100000 50.715978 3.939576 1.331015 0.007670 -0.044975 0.127893 0.990738
9.200000 51.279034 4.091780 1.365927 0.007775 -0.045473 0.129550 0.990499
9.300000 51.840411 4.244274 1.403113 0.007897 -0.045932 0.130677 0.990329
9.400000 52.397523 4.397267 1.443102 0.008036 -0.046326 0.131879 0.990150
9.500000 52.950223 4.566665 1.487655 0.008431 -0.046516 0.139619 0.989076
9.600000 53.481827 4.738909 1.540417 0.007778 -0.046618 0.146434 0.988091
9.700000 54.011476 4.898488 1.591999 0.007413 -0.046688 0.145715 0.988197
9.800000 54.566244 5.071899 1.637242 0.007769 -0.046884 0.148294 0.987801
9.900000 55.121441 5.251312 1.669217 0.007924 -0.047532 0.151404 0.987297
10.000000 55.664421 5.424524 1.718958 0.007800 -0.047684 0.152398 0.987137
10.100000 56.212413 5.602398 1.762297 0.007995 -0.047991 0.154081 0.986860
10.200000 56.753440 5.780291 1.803626 0.008061 -0.048389 0.155684 0.986588
10.300000 57.297095 5.959993 1.837003 0.008324 -0.049019 0.156716 0.986391
10.400000 57.835551 6.153953 1.886805 0.008601 -0.049146 0.163972 0.985203
10.500000 58.370411 6.354757 1.942962 0.007954 -0.049278 0.170356 0.984118
10.600000 58.895051 6.542219 1.997067 0.007668 -0.049373 0.170057 0.984167
10.700000 59.428337 6.740269 2.042343 0.007983 -0.049635 0.172906 0.983654
10.800000 59.965652 6.943995 2.082849 0.008027 -0.050129 0.175802 0.983116
10.900000 60.494740 7.143052 2.133211 0.007999 -0.050321 0.176924 0.982905
11.000000 61.018695 7.343292 2.180132 0.008103 -0.050582 0.178633 0.982581
11.100000 61.552570 7.549188 2.224576 0.008249 -0.050955 0.180253 0.982265
11.200000 62.077680 7.751880 2.276698 0.008215 -0.051108 0.181331 0.982059
11.300000 62.610868 7.959388 2.325399 0.008330 -0.051361 0.182530 0.981822
11.400000 63.144447 8.185252 2.377469 0.008627 -0.051479 0.190221 0.980353
11.500000 63.656846 8.411580 2.435004 0.007887 -0.051643 0.196978 0.979015
11.600000 64.143494 8.615259 2.489559 0.007499 -0.051751 0.196182 0.979172
11.700000 64.683141 8.847493 2.539598 0.007823 -0.051972 0.198818 0.978626
11.800000 65.223879 9.086089 2.580267 0.007923 -0.052557 0.201959 0.977951
11.900000 65.758987 9.319806 2.636782 0.007813 -0.052723 0.203040 0.977719
12.000000 66.279471 9.550703 2.689604 0.007926 -0.052909 0.204714 0.977359
12.100000 66.802773 9.785000 2.737911 0.007980 -0.053248 0.206359 0.976994
12.200000 67.057271 9.907362 2.770047 0.007838 -0.053411 0.205921 0.977078
12.300000 67.575959 10.155803 2.820706 0.008181 -0.053608 0.213129 0.975518
12.400000 68.072055 10.402792 2.878851 0.007505 -0.053774 0.219365 0.974131
12.500000 68.577438 10.642614 2.936806 0.007175 -0.053926 0.219087 0.974188
12.600000 69.096789 10.896973 2.986400 0.007547 -0.054194 0.221979 0.973515
12.700000 69.613388 11.154817 3.031870 0.007637 -0.054684 0.224881 0.972821
12.800000 70.125982 11.408868 3.089392 0.007594 -0.054841 0.226041 0.972543
12.900000 70.632879 11.664059 3.135228 0.007856 -0.055254 0.227780 0.972112
13.000000 71.140037 11.920800 3.188899 0.007904 -0.055504 0.229386 0.971720
13.100000 71.633381 12.172237 3.233388 0.008065 -0.055980 0.230394 0.971452
13.200000 72.135552 12.445122 3.288823 0.008297 -0.056102 0.237663 0.969691
13.300000 72.631130 12.723350 3.352064 0.007588 -0.056267 0.244053 0.968098
13.400000 73.124232 12.988862 3.415522 0.007293 -0.056360 0.243635 0.968201
13.500000 73.625013 13.265917 3.474281 0.007529 -0.056435 0.246371 0.967502
13.600000 74.129115 13.550365 3.522351 0.007607 -0.056911 0.249264 0.966732
13.700000 74.628573 13.829945 3.585801 0.007481 -0.056963 0.250347 0.966450
13.800000 75.135949 14.117466 3.642648 0.007625 -0.057170 0.252109 0.965978
13.900000 75.636381 14.403395 3.699043 0.007691 -0.057421 0.253714 0.965543
14.000000 76.129334 14.685504 3.757005 0.007728 -0.057611 0.254765 0.965254
14.100000 76.626887 14.971845 3.815989 0.007807 -0.057790 0.255938 0.964933
14.200000 77.118599 15.274315 3.880730 0.007966 -0.057683 0.263498 0.962901
14.300000 77.563643 15.560501 3.943680 0.007263 -0.057753 0.269981 0.961105
14.400000 78.014858 15.836375 4.006061 0.006955 -0.057827 0.269146 0.961337
14.500000 78.501286 16.139683 4.064362 0.007290 -0.057917 0.271625 0.960631
14.600000 78.983845 16.446970 4.111262 0.007415 -0.058436 0.274609 0.959750
14.700000 79.465414 16.750969 4.170932 0.007358 -0.058630 0.275575 0.959462
14.800000 79.944679 17.057147 4.222833 0.007611 -0.058976 0.277174 0.958978
14.900000 80.421187 17.363419 4.281511 0.007614 -0.059181 0.278737 0.958512
15.000000 80.896293 17.669841 4.333246 0.007829 -0.059576 0.279721 0.958199
15.100000 81.364195 17.990199 4.393986 0.008063 -0.059588 0.286755 0.956115
15.200000 81.807487 18.304223 4.457641 0.007364 -0.059750 0.292804 0.954275
15.300000 82.263408 18.613992 4.522230 0.007086 -0.059880 0.292472 0.954371
15.400000 82.731493 18.940723 4.576147 0.007519 -0.060124 0.295256 0.953495
15.500000 83.198134 19.271045 4.628940 0.007580 -0.060550 0.298062 0.952594
15.600000 83.660563 19.596752 4.692528 0.007540 -0.060674 0.299154 0.952244
15.700000 84.120830 19.924713 4.748273 0.007765 -0.060948 0.300840 0.951693
15.800000 84.578778 20.253188 4.804694 0.007921 -0.061249 0.302381 0.951184
15.900000 85.039484 20.584362 4.857596 0.008172 -0.061666 0.303442 0.950817
16.000000 85.494539 20.931477 4.913100 0.008538 -0.061881 0.310547 0.948503
16.100000 85.933868 21.276232 4.978690 0.007854 -0.062119 0.316736 0.946445
16.200000 86.380281 21.613275 5.045723 0.007575 -0.062284 0.316323 0.946574
16.300000 86.840560 21.969499 5.108654 0.007842 -0.062403 0.319048 0.945649
16.400000 87.289206 22.322555 5.161768 0.007942 -0.062877 0.321830 0.944674
16.500000 87.734265 22.670759 5.224177 0.007943 -0.063093 0.322851 0.944311
16.600000 88.178019 23.021230 5.283464 0.008060 -0.063357 0.324472 0.943737
16.700000 88.624166 23.376018 5.343639 0.008176 -0.063636 0.326007 0.943188
16.800000 89.069556 23.730735 5.406802 0.008252 -0.063847 0.327041 0.942815
16.900000 89.510748 24.084214 5.468261 0.008420 -0.064077 0.328140 0.942416
17.000000 89.943153 24.451886 5.537277 0.008519 -0.063963 0.335470 0.939838
17.100000 90.360519 24.818005 5.604514 0.007722 -0.064209 0.341904 0.937507
17.200000 90.782211 25.173052 5.675054 0.007417 -0.064316 0.341211 0.937755
17.300000 91.209695 25.541118 5.742958 0.007664 -0.064255 0.343602 0.936883
17.400000 91.634864 25.913409 5.809624 0.007505 -0.064385 0.346498 0.935809
17.500000 92.058296 26.281987 5.872896 0.007467 -0.064603 0.347398 0.935460
17.600000 92.481294 26.653912 5.928145 0.007755 -0.064956 0.348933 0.934862
17.700000 92.902579 27.026694 5.989806 0.007827 -0.065202 0.350440 0.934280
17.800000 93.324158 27.400623 6.043085 0.008139 -0.065665 0.351385 0.933890
17.900000 93.739036 27.789782 6.099132 0.008506 -0.065894 0.358228 0.931267
18.000000 94.140430 28.176407 6.169552 0.007736 -0.066109 0.364182 0.928946
18.100000 94.550761 28.558304 6.240968 0.007461 -0.066257 0.363918 0.929041
18.200000 94.959201 28.948490 6.307002 0.007676 -0.066301 0.366610 0.927978
18.300000 95.367093 29.343128 6.373811 0.007551 -0.066478 0.369330 0.926887
18.400000 95.778905 29.740080 6.442492 0.007460 -0.066629 0.370420 0.926442
18.500000 96.187535 30.137764 6.507668 0.007538 -0.066801 0.372091 0.925759
18.600000 96.596143 30.538324 6.570259 0.007645 -0.067066 0.373622 0.925122
18.700000 96.998632 30.933276 6.630299 0.007867 -0.067385 0.374645 0.924683
18.800000 97.393094 31.342879 6.693950 0.008105 -0.067427 0.381557 0.921847
18.900000 97.782238 31.758707 6.767529 0.007384 -0.067611 0.387636 0.919300
19.000000 98.168572 32.156486 6.839464 0.007140 -0.067758 0.387216 0.919468
19.100000 98.569223 32.579293 6.905133 0.007455 -0.067859 0.389862 0.918339
19.200000 98.961278 32.998885 6.970707 0.007390 -0.068104 0.392597 0.917156
19.300000 99.345722 33.408332 7.033712 0.007427 -0.068390 0.393566 0.916719
19.400000 99.730540 33.822107 7.096968 0.007621 -0.068607 0.395142 0.916023
19.500000 100.115896 34.239023 7.158989 0.007742 -0.068933 0.396614 0.915361
19.600000 100.497860 34.653273 7.221003 0.007936 -0.069237 0.397589 0.914913
19.700000 100.880150 35.069845 7.288685 0.008046 -0.069401 0.398657 0.914435
19.800000 101.253046 35.501062 7.357138 0.008204 -0.069337 0.405777 0.911301
19.900000 101.610649 35.927719 7.430288 0.007399 -0.069544 0.412026 0.908484
20.000000 101.961539 36.329274 7.501277 0.007078 -0.069710 0.411276 0.908814
20.100000 102.330390 36.760989 7.572807 0.007306 -0.069626 0.413615 0.907756
20.200000 102.695102 37.195309 7.635203 0.007317 -0.069947 0.416413 0.906451
20.300000 103.057405 37.624139 7.700342 0.007361 -0.070210 0.417294 0.906026
20.400000 103.418446 38.055338 7.766694 0.007490 -0.070382 0.418787 0.905322
20.500000 103.778485 38.488304 7.826676 0.007678 -0.070744 0.420238 0.904619
20.600000 104.135551 38.918172 7.888491 0.007856 -0.071077 0.421137 0.904174
20.700000 104.483057 39.361582 7.951206 0.008141 -0.071136 0.427754 0.901055
20.800000 104.822229 39.807116 8.027838 0.007360 -0.071293 0.433533 0.898283
20.900000 105.161725 40.236273 8.099990 0.007073 -0.071506 0.433219 0.898420
21.000000 105.506085 40.684125 8.163042 0.007449 -0.071659 0.435823 0.897144
21.100000 105.848185 41.134643 8.225480 0.007480 -0.072022 0.438435 0.895841
21.200000 106.185043 41.576106 8.287564 0.007591 -0.072365 0.439411 0.895334
21.300000 106.525048 42.026361 8.350484 0.007839 -0.072640 0.440997 0.894530
21.400000 106.861029 42.474028 8.411755 0.008034 -0.073002 0.442419 0.893796
21.500000 107.199784 42.926772 8.472682 0.008322 -0.073382 0.443403 0.893274
21.600000 107.529814 43.369257 8.534625 0.008624 -0.073692 0.444420 0.892741
21.700000 107.855333 43.834665 8.607026 0.008696 -0.073592 0.451391 0.889244
21.800000 108.167358 44.295847 8.683672 0.007946 -0.073782 0.457527 0.886094
21.900000 108.480955 44.738217 8.758616 0.007601 -0.073990 0.456866 0.886421
22.000000 108.799915 45.200325 8.830908 0.007841 -0.073942 0.459153 0.885240
22.100000 109.115294 45.665025 8.894848 0.007838 -0.074306 0.461878 0.883791
22.200000 109.429962 46.125673 8.963044 0.007833 -0.074561 0.462742 0.883317
22.300000 109.744479 46.590920 9.026038 0.008139 -0.074847 0.464214 0.882517
22.400000 110.057092 47.056728 9.090420 0.008315 -0.075167 0.465648 0.881732
22.500000 110.369609 47.523131 9.154265 0.008544 -0.075523 0.466556 0.881220
22.600000 110.670092 48.000123 9.218003 0.008824 -0.075603 0.473023 0.877756
22.700000 110.959267 48.473904 9.296167 0.008017 -0.075819 0.478643 0.874693
22.800000 111.255426 48.940064 9.371400 0.007770 -0.076067 0.478361 0.874828
22.900000 111.551602 49.419757 9.442102 0.008018 -0.076078 0.480912 0.873425
23.000000 111.846079 49.903595 9.508168 0.008005 -0.076423 0.483469 0.871982
23.100000 112.138740 50.382527 9.581504 0.007965 -0.076590 0.484463 0.871416
23.200000 112.431089 50.865823 9.638123 0.008432 -0.077036 0.486012 0.870509
23.300000 112.722062 51.350459 9.694803 0.008810 -0.077561 0.487418 0.869673
23.400000 113.010742 51.832331 9.753674 0.009245 -0.078018 0.488375 0.869090
23.500000 113.286251 52.323557 9.825015 0.009346 -0.077970 0.494862 0.865416
23.600000 113.551602 52.812429 9.900780 0.008578 -0.078303 0.500509 0.862140
23.700000 113.823787 53.292704 9.979302 0.008312 -0.078514 0.500097 0.862363
23.800000 114.095786 53.786070 10.045752 0.008657 -0.078679 0.502497 0.860948
23.900000 114.363196 54.279074 10.113533 0.008644 -0.079032 0.505003 0.859448
24.000000 114.630510 54.769451 10.188123 0.008569 -0.079233 0.505903 0.858901
24.100000 114.896410 55.262687 10.256318 0.008783 -0.079466 0.507367 0.858014
24.200000 115.160345 55.756237 10.324157 0.008941 -0.079767 0.508725 0.857179
24.300000 115.425400 56.252524 10.385731 0.009263 -0.080236 0.509620 0.856600
24.400000 115.687191 56.744655 10.448296 0.009595 -0.080664 0.510582 0.855983
24.500000 115.936185 57.250015 10.524110 0.009596 -0.080534 0.517236 0.851991
24.600000 116.173365 57.750521 10.602470 0.008850 -0.080799 0.523089 0.848393
24.700000 116.419449 58.243656 10.684223 0.008592 -0.080992 0.522461 0.848764
24.800000 116.664113 58.747549 10.755697 0.008893 -0.081032 0.524602 0.847436
24.900000 116.905084 59.255051 10.830855 0.008741 -0.081233 0.527208 0.845799
25.000000 117.146382 59.759394 10.911750 0.008566 -0.081336 0.528019 0.845285
25.100000 117.385906 60.264875 10.981131 0.008746 -0.081568 0.529398 0.844398
25.200000 117.622465 60.768640 11.055734 0.008710 -0.081759 0.530746 0.843533
25.300000 117.858691 61.272682 11.131257 0.008703 -0.081939 0.531584 0.842988
25.400000 118.082335 61.787959 11.207609 0.008700 -0.081755 0.537757 0.839081
25.500000 118.295078 62.296981 11.286147 0.007928 -0.082015 0.543100 0.835616
25.600000 118.516062 62.800484 11.363770 0.007743 -0.082275 0.542826 0.835769
25.700000 118.736324 63.318764 11.428406 0.008182 -0.082437 0.545255 0.834167
25.800000 118.951002 63.834875 11.508170 0.007925 -0.082536 0.547673 0.832574
25.900000 119.167448 64.352741 11.587832 0.007807 -0.082618 0.548624 0.831940
26.000000 119.381880 64.870670 11.654344 0.008058 -0.082891 0.550087 0.830945
26.100000 119.592362 65.384545 11.731803 0.007949 -0.083000 0.551408 0.830058
26.200000 119.801734 65.896717 11.809642 0.007902 -0.083090 0.552303 0.829455
26.300000 119.999981 66.423963 11.876688 0.008091 -0.083063 0.558491 0.825302
26.400000 120.187886 66.947816 11.955955 0.007335 -0.083313 0.563876 0.821613
26.500000 120.384661 67.465852 12.034541 0.007180 -0.083549 0.563502 0.821848
26.600000 120.580037 67.996359 12.093671 0.007738 -0.083827 0.565800 0.820234
26.700000 120.766583 68.514872 12.171631 0.007507 -0.083926 0.568178 0.818580
26.800000 120.953331 69.029794 12.249960 0.007389 -0.084007 0.569027 0.817983
26.900000 121.141021 69.556640 12.321482 0.007562 -0.084145 0.570425 0.816993
27.000000 121.323598 70.072724 12.396733 0.007560 -0.084221 0.571694 0.816098
27.100000 121.510730 70.600056 12.448764 0.008115 -0.084882 0.572534 0.815435
27.200000 121.695241 71.126144 12.512168 0.008463 -0.085262 0.573452 0.814746
27.300000 121.866423 71.666103 12.577848 0.008618 -0.085315 0.579772 0.810254
27.400000 122.025231 72.195596 12.655954 0.007795 -0.085661 0.585310 0.806235
27.500000 122.191522 72.709245 12.734373 0.007569 -0.085950 0.584700 0.806648
27.600000 122.358614 73.245845 12.793189 0.008168 -0.086239 0.586750 0.805122
27.700000 122.518103 73.777530 12.874535 0.007894 -0.086308 0.589208 0.803319
27.800000 122.678547 74.306143 12.954129 0.007790 -0.086377 0.589978 0.802748
27.900000 122.840031 74.844472 13.016244 0.008179 -0.086776 0.591292 0.801734
28.000000 122.997013 75.378544 13.097938 0.008026 -0.086843 0.592571 0.800783
28.100000 123.153839 75.912693 13.177360 0.008033 -0.086898 0.593388 0.800172
28.200000 123.297963 76.457635 13.246723 0.008126 -0.086860 0.599252 0.795793
28.300000 123.431532 76.995886 13.328772 0.007311 -0.087078 0.604337 0.791922
28.400000 123.574129 77.529123 13.406907 0.007198 -0.087329 0.604084 0.792088
28.500000 123.714985 78.076179 13.460915 0.007855 -0.087678 0.606388 0.790281
28.600000 123.849078 78.618400 13.541459 0.007552 -0.087786 0.608685 0.788504
28.700000 123.983370 79.153040 13.621027 0.007356 -0.087929 0.609551 0.787821
28.800000 124.120916 79.703404 13.659770 0.008279 -0.088784 0.610948 0.786633
28.900000 124.250441 80.240052 13.743576 0.008044 -0.088822 0.612194 0.785662
29.000000 124.380273 80.784293 13.822842 0.008060 -0.088900 0.613055 0.784981
29.100000 124.501975 81.345682 13.852805 0.009031 -0.089668 0.618917 0.780269
29.200000 124.606674 81.871507 13.930965 0.008327 -0.089903 0.624005 0.776187
29.300000 124.702525 82.072254 13.976478 0.007764 -0.090443 0.623346 0.776659
29.400000 124.794463 82.239922 14.003991 0.007971 -0.090457 0.625275 0.775104
29.500000 124.881513 82.413012 14.043383 0.007557 -0.090608 0.627268 0.773478
29.600000 124.972278 82.623041 14.089029 0.007274 -0.090763 0.627854 0.772987
29.700000 125.057472 82.741785 14.116351 0.007203 -0.090821 0.628899 0.772131
29.800000 125.143805 82.901378 14.151019 0.006974 -0.091012 0.629867 0.771321
29.900000 125.228922 83.042182 14.184489 0.006759 -0.091194 0.630395 0.770869
30.000000 125.314579 83.180642 14.216204 0.006638 -0.091322 0.631020 0.770344
30.100000 125.410259 83.755073 14.248080 0.007491 -0.092092 0.637001 0.765306
30.200000 125.485281 84.208413 14.317191 0.006778 -0.092246 0.642214 0.760924
30.300000 125.568129 84.596040 14.384205 0.006796 -0.092223 0.641632 0.761418
30.400000 125.654184 85.178221 14.464512 0.006920 -0.092201 0.643581 0.759773
30.500000 125.725036 85.402047 14.508445 0.006487 -0.092415 0.645746 0.757911
30.600000 125.799685 85.651345 14.554971 0.006209 -0.092692 0.646339 0.757374
30.700000 125.872181 85.807103 14.583619 0.006198 -0.092781 0.647444 0.756419
30.800000 125.944754 85.959692 14.616533 0.006010 -0.092893 0.648532 0.755474
30.900000 126.020045 86.086325 14.646561 0.005836 -0.092991 0.649217 0.754875
31.000000 126.083562 86.677469 14.721834 0.005795 -0.092860 0.654772 0.750078
31.100000 126.137327 86.870012 14.758970 0.004736 -0.093358 0.659484 0.745884
31.200000 126.200484 87.042847 14.796979 0.004226 -0.093856 0.659126 0.746141
31.300000 126.259695 87.152165 14.818904 0.004297 -0.093694 0.661248 0.744281
31.400000 126.315983 87.275496 14.847336 0.003805 -0.093913 0.663352 0.742381
31.500000 126.374326 87.384807 14.872568 0.003508 -0.094120 0.664125 0.741665
31.600000 126.432517 87.415581 14.884615 0.003405 -0.094089 0.665412 0.740515
31.700000 126.490505 87.446563 14.898208 0.003150 -0.094181 0.666574 0.739458
31.800000 126.550023 87.444503 14.904981 0.002969 -0.094312 0.667370 0.738724
31.900000 126.608522 87.415260 14.907564 0.002832 -0.094386 0.668228 0.737940
32.000000 126.651164 87.337849 14.900117 0.002827 -0.093712 0.674038 0.732723
32.100000 126.683857 87.391536 14.915002 0.001673 -0.094180 0.679046 0.728027
32.200000 126.727817 87.446035 14.930666 0.001116 -0.094816 0.678453 0.728499
32.300000 126.766847 87.398455 14.925858 0.001330 -0.094448 0.680346 0.726779
32.400000 126.799816 87.427049 14.937201 0.000890 -0.094534 0.682584 0.724666
32.500000 126.834406 87.469175 14.951154 0.000535 -0.094725 0.683264 0.724000
32.600000 126.867132 87.466774 14.956210 0.000455 -0.094615 0.684479 0.722867
32.700000 126.897876 87.481136 14.963870 0.000218 -0.094666 0.685648 0.721751
32.800000 126.928527 87.482705 14.968176 0.000056 -0.094749 0.686384 0.721041
32.900000 126.942932 87.464919 14.968498 0.000083 -0.093956 0.691759 0.715990
33.000000 126.950223 87.504838 14.975345 -0.000965 -0.094430 0.696318 0.711493
33.100000 126.973031 87.514940 14.983278 -0.001559 -0.095215 0.694455 0.713207
33.200000 126.990202 87.499806 14.981280 -0.001098 -0.094707 0.695320 0.712432
33.300000 127.002898 87.500206 14.983105 -0.001359 -0.094749 0.696986 0.710796
33.400001 127.017840 87.546774 14.993515 -0.001587 -0.094957 0.696911 0.710842
33.500000 127.031234 87.572511 14.999288 -0.001523 -0.094812 0.697509 0.710274
33.600000 127.043042 87.591100 15.005350 -0.001654 -0.094798 0.698207 0.709589
33.700001 127.056137 87.590798 15.007686 -0.001771 -0.094873 0.698447 0.709343
33.800000 127.059612 87.555257 15.004183 -0.001729 -0.094345 0.701505 0.706390
33.900001 127.066418 87.560163 15.007882 -0.002400 -0.094913 0.702033 0.705787
34.000000 127.077222 87.533010 15.002822 -0.002287 -0.094948 0.701532 0.706281
34.100000 127.082859 87.516845 14.999462 -0.002188 -0.094766 0.702527 0.705316
34.200001 127.088890 87.536582 15.003879 -0.002383 -0.094906 0.702852 0.704973
34.300000 127.094526 87.560297 15.009155 -0.002416 -0.094900 0.702935 0.704890
34.400001 127.099109 87.592570 15.014933 -0.002439 -0.094861 0.703361 0.704471
34.500000 127.104264 87.599305 15.016954 -0.002509 -0.094894 0.703582 0.704245
34.600000 127.109308 87.589309 15.016367 -0.002519 -0.094881 0.703732 0.704097
34.700001 127.110236 87.573307 15.012243 -0.002474 -0.094685 0.705203 0.702651
34.800000 127.114021 87.562444 15.012294 -0.002787 -0.094976 0.705197 0.702616
34.900001 127.117621 87.559171 15.011741 -0.002711 -0.094929 0.705109 0.702711
35.000000 127.119144 87.567120 15.014081 -0.002719 -0.094842 0.705576 0.702254
35.100000 127.121452 87.580220 15.016130 -0.002784 -0.094904 0.705674 0.702146
35.200001 127.123346 87.589589 15.018571 -0.002798 -0.094884 0.705757 0.702066
35.300000 127.125068 87.590978 15.019757 -0.002822 -0.094859 0.705967 0.701858
35.400001 127.127280 87.582323 15.017519 -0.002838 -0.094909 0.706034 0.701783
35.500000 127.129164 87.575824 15.016679 -0.002848 -0.094907 0.706175 0.701642
35.600000 127.129877 87.568384 15.014326 -0.002843 -0.094866 0.706741 0.701077
35.700001 127.131462 87.566579 15.013881 -0.002939 -0.094981 0.706759 0.701043
35.800000 127.132803 87.568501 15.014145 -0.002903 -0.094953 0.706757 0.701049
35.900001 127.133119 87.574103 15.015826 -0.002924 -0.094926 0.706935 0.700873
36.000000 127.133314 87.576296 15.015317 -0.002927 -0.094948 0.707016 0.700788
36.100000 127.134710 87.571042 15.013943 -0.002932 -0.094977 0.707035 0.700766
36.200001 127.134995 87.566640 15.012610 -0.002920 -0.094970 0.707180 0.700620
36.300000 127.136304 87.561804 15.011072 -0.002938 -0.095023 0.707206 0.700586
36.400001 127.136159 87.564442 15.011241 -0.002931 -0.095009 0.707307 0.700486
36.500000 127.135685 87.571342 15.012412 -0.002964 -0.095017 0.707460 0.700330
36.600000 127.136178 87.577443 15.012796 -0.002989 -0.095056 0.707526 0.700259
36.700001 127.136640 87.577288 15.012715 -0.002976 -0.095047 0.707523 0.700263
36.800000 127.136258 87.577442 15.012403 -0.002970 -0.095041 0.707620 0.700166
36.900001 127.135366 87.579961 15.012406 -0.002993 -0.095072 0.707684 0.700097
37.000000 127.135319 87.576092 15.011552 -0.003026 -0.095134 0.707587 0.700186
37.100000 127.134282 87.574254 15.010779 -0.003018 -0.095118 0.707710 0.700065
37.200001 127.134188 87.576730 15.011541 -0.003052 -0.095148 0.707685 0.700086
37.300000 127.133810 87.583073 15.012093 -0.003056 -0.095166 0.707740 0.700027
37.400001 127.131638 87.596895 15.014824 -0.003130 -0.095202 0.707875 0.699886
37.500000 127.131440 87.601773 15.014829 -0.003174 -0.095273 0.707923 0.699827
37.600000 127.130599 87.603484 15.015190 -0.003192 -0.095302 0.707837 0.699910
37.700001 127.129334 87.611089 15.016465 -0.003219 -0.095320 0.707899 0.699845
37.800000 127.128791 87.619552 15.017826 -0.003259 -0.095370 0.707887 0.699850
37.900001 127.128037 87.630555 15.019134 -0.003271 -0.095405 0.707861 0.699872
38.000000 127.127625 87.641914 15.021028 -0.003303 -0.095439 0.707876 0.699851
38.100000 127.124888 87.656154 15.024411 -0.003327 -0.095411 0.707968 0.699762
38.200001 127.124518 87.662837 15.025606 -0.003391 -0.095480 0.707963 0.699758
38.300000 127.123324 87.674569 15.027851 -0.003427 -0.095511 0.707930 0.699786
38.400001 127.120432 87.693563 15.031469 -0.003476 -0.095530 0.708009 0.699704
38.500000 127.119144 87.707906 15.034147 -0.003557 -0.095608 0.707987 0.699715
38.600000 127.117872 87.721267 15.035254 -0.003575 -0.095664 0.707952 0.699743
38.700001 127.116593 87.734723 15.036963 -0.003591 -0.095700 0.707957 0.699732
38.800000 127.115706 87.738746 15.036140 -0.003622 -0.095781 0.707961 0.699717
38.900001 127.113548 87.759003 15.039069 -0.003671 -0.095848 0.707949 0.699720
39.000000 127.111276 87.784434 15.043282 -0.003709 -0.095888 0.707943 0.699721
39.100000 127.109328 87.805393 15.045282 -0.003742 -0.095966 0.707934 0.699719
39.200001 127.107743 87.824582 15.048019 -0.003789 -0.096028 0.707937 0.699707
39.300000 127.105808 87.845811 15.051709 -0.003833 -0.096066 0.707939 0.699700
39.400001 127.104218 87.861941 15.054173 -0.003846 -0.096083 0.707952 0.699684
39.500000 127.101931 87.880486 15.057207 -0.003900 -0.096140 0.707942 0.699685
39.600000 127.098929 87.915775 15.060998 -0.003930 -0.096234 0.707918 0.699697
39.700001 127.096463 87.944188 15.065174 -0.003953 -0.096276 0.707916 0.699693
39.800000 127.094019 87.974249 15.068499 -0.003969 -0.096347 0.707910 0.699689
39.900001 127.091702 87.997549 15.072467 -0.004041 -0.096417 0.707903 0.699686
40.000000 127.089500 88.022303 15.074325 -0.004064 -0.096513 0.707896 0.699680
40.100000 127.085625 88.061139 15.080076 -0.004087 -0.096556 0.707872 0.699698
40.200001 127.081999 88.101090 15.085591 -0.004127 -0.096630 0.707847 0.699713
40.300000 127.079047 88.139543 15.090162 -0.004158 -0.096720 0.707835 0.699713
40.400001 127.073118 88.183734 15.098002 -0.004201 -0.096723 0.707885 0.699661
40.500000 127.069681 88.218451 15.102272 -0.004247 -0.096817 0.707845 0.699688
40.600000 127.065723 88.261309 15.109179 -0.004331 -0.096914 0.707777 0.699743
40.700001 127.061999 88.300603 15.114276 -0.004388 -0.097018 0.707748 0.699758
40.800000 127.057859 88.346383 15.120209 -0.004448 -0.097128 0.707717 0.699774
40.900001 127.052781 88.394229 15.127793 -0.004530 -0.097224 0.707671 0.699807
41.000000 127.047538 88.442518 15.135765 -0.004620 -0.097315 0.707624 0.699840
41.100000 127.041816 88.498997 15.145013 -0.004702 -0.097397 0.707575 0.699878
41.200001 127.034992 88.545118 15.152439 -0.004795 -0.097481 0.707608 0.699833
41.300000 127.026457 88.624259 15.164863 -0.004866 -0.097588 0.707329 0.700099
41.400001 127.016787 88.699474 15.177821 -0.004905 -0.097587 0.707366 0.700061
41.500000 127.009034 88.770694 15.188337 -0.004997 -0.097714 0.707305 0.700105
41.600000 127.001287 88.850677 15.201262 -0.005079 -0.097806 0.707185 0.700212
41.700001 126.990714 88.934431 15.213727 -0.005087 -0.097821 0.707175 0.700220
41.800000 126.983198 89.006094 15.225395 -0.005178 -0.097904 0.707099 0.700285
41.900001 126.973219 89.071893 15.235513 -0.005227 -0.097981 0.706840 0.700535
42.000000 126.961818 89.144612 15.246822 -0.005274 -0.098012 0.706837 0.700534
42.100000 126.953224 89.195340 15.254235 -0.005347 -0.098105 0.706785 0.700573
42.200001 126.941198 89.280181 15.266677 -0.005398 -0.098211 0.706501 0.700843
42.300000 126.930404 89.344131 15.277355 -0.005425 -0.098210 0.706430 0.700915
42.400001 126.918562 89.403740 15.285251 -0.005485 -0.098318 0.706343 0.700988
42.500000 126.907210 89.483425 15.297159 -0.005566 -0.098422 0.706242 0.701074
42.600000 126.896216 89.539295 15.304937 -0.005623 -0.098512 0.706147 0.701156
42.700001 126.884656 89.615555 15.316222 -0.005719 -0.098625 0.706038 0.701250
42.800000 126.870325 89.713358 15.330368 -0.005749 -0.098704 0.705770 0.701508
42.900001 126.857393 89.776840 15.340116 -0.005806 -0.098752 0.705666 0.701606
43.000000 126.844407 89.835691 15.347449 -0.005853 -0.098838 0.705576 0.701683
43.100000 126.831630 89.894727 15.355530 -0.005952 -0.098963 0.705449 0.701792
43.200001 126.818838 89.971289 15.365920 -0.006013 -0.099070 0.705325 0.701901
43.300000 126.805053 90.050429 15.378957 -0.006098 -0.099128 0.705186 0.702032
43.400001 126.791467 90.131124 15.390036 -0.006147 -0.099220 0.705045 0.702160
43.500000 126.778199 90.231905 15.404955 -0.006246 -0.099338 0.704905 0.702283
43.600000 126.764862 90.315643 15.416889 -0.006307 -0.099440 0.704767 0.702407
43.700001 126.751502 90.406036 15.430692 -0.006392 -0.099530 0.704629 0.702531
43.800000 126.738747 90.492359 15.440979 -0.006447 -0.099690 0.704490 0.702648
43.900001 126.725185 90.575278 15.452760 -0.006580 -0.099861 0.704327 0.702786
44.000000 126.711866 90.669150 15.467362 -0.006644 -0.099921 0.704195 0.702909
44.100000 126.698002 90.766043 15.482741 -0.006747 -0.100009 0.704043 0.703048
44.200001 126.685365 90.841000 15.490849 -0.006814 -0.100188 0.703898 0.703167
44.300000 126.672133 90.931398 15.502165 -0.006875 -0.100338 0.703746 0.703297
44.400001 126.659019 91.031462 15.515980 -0.006926 -0.100447 0.703604 0.703423
44.500000 126.645550 91.142980 15.532626 -0.007062 -0.100612 0.703439 0.703563
44.600000 126.631989 91.242210 15.547363 -0.007166 -0.100747 0.703280 0.703701
44.700001 126.618145 91.351074 15.565178 -0.007285 -0.100845 0.703121 0.703845
44.800000 126.604159 91.458166 15.582869 -0.007378 -0.100908 0.702964 0.703992
44.900001 126.590804 91.566750 15.600289 -0.007495 -0.101028 0.702811 0.704126
45.000000 126.577447 91.665038 15.616221 -0.007592 -0.101107 0.702665 0.704259
45.100000 126.563959 91.775533 15.631992 -0.007649 -0.101215 0.702509 0.704399
45.200001 126.550561 91.876824 15.647610 -0.007760 -0.101333 0.702351 0.704539
45.300000 126.537148 91.980123 15.663336 -0.007885 -0.101484 0.702182 0.704684
45.400001 126.523468 92.094559 15.682280 -0.008013 -0.101585 0.702018 0.704831
45.500000 126.509470 92.209038 15.699870 -0.008141 -0.101736 0.701835 0.704990
45.600000 126.495687 92.313085 15.717225 -0.008252 -0.101812 0.701674 0.705139
45.700001 126.482180 92.424435 15.734186 -0.008338 -0.101924 0.701508 0.705286
45.800000 126.467564 92.538400 15.749843 -0.008401 -0.102039 0.701423 0.705353
45.900001 126.454554 92.657198 15.767999 -0.008566 -0.102235 0.701231 0.705514
46.000000 126.441546 92.797772 15.789772 -0.008696 -0.102395 0.701023 0.705696
46.100000 126.425662 92.905538 15.805555 -0.008760 -0.102483 0.700909 0.705795
46.200001 126.412470 93.024528 15.822211 -0.008876 -0.102674 0.700711 0.705963
46.300000 126.399704 93.165274 15.842929 -0.009014 -0.102869 0.700496 0.706145
46.400001 126.385897 93.293003 15.862117 -0.009143 -0.103044 0.700298 0.706315
46.500000 126.372685 93.422172 15.881058 -0.009229 -0.103176 0.700126 0.706465
46.600000 126.359344 93.555121 15.900168 -0.009316 -0.103328 0.699943 0.706623
46.700001 126.345508 93.689036 15.916958 -0.009338 -0.103503 0.699630 0.706907
46.800000 126.331125 93.812731 15.933336 -0.009352 -0.103593 0.699561 0.706963
46.900001 126.316821 93.927681 15.950708 -0.009436 -0.103706 0.699386 0.707118
47.000000 126.303352 94.063054 15.970399 -0.009502 -0.103846 0.699166 0.707314
47.100000 126.289953 94.202045 15.990305 -0.009544 -0.103961 0.698979 0.707481
47.200001 126.277049 94.360846 16.012689 -0.009577 -0.104093 0.698796 0.707642
47.300000 126.263241 94.494421 16.036267 -0.009696 -0.104143 0.698616 0.707810
47.400001 126.248848 94.596936 16.051392 -0.009716 -0.104223 0.698266 0.708144
47.500000 126.233859 94.711873 16.067257 -0.009683 -0.104235 0.698202 0.708206
47.600000 126.220859 94.834200 16.085520 -0.009806 -0.104421 0.697933 0.708442
47.700001 126.206809 94.972495 16.106752 -0.009852 -0.104470 0.697831 0.708535
47.800000 126.193654 95.103739 16.125501 -0.010005 -0.104691 0.697631 0.708696
47.900001 126.179236 95.253136 16.149181 -0.010058 -0.104783 0.697263 0.709044
48.000000 126.164189 95.373896 16.167933 -0.010048 -0.104777 0.697183 0.709124
48.100000 126.150523 95.517196 16.191475 -0.010140 -0.104848 0.697002 0.709290
48.200001 126.137981 95.676364 16.216392 -0.010232 -0.104975 0.696775 0.709492
48.300000 126.126493 95.858641 16.244084 -0.010333 -0.105129 0.696584 0.709656
48.400001 126.113850 95.995606 16.262217 -0.010381 -0.105300 0.696385 0.709826
48.500000 126.100818 96.153270 16.286174 -0.010438 -0.105420 0.696063 0.710123
48.600000 126.088072 96.299480 16.309866 -0.010520 -0.105506 0.695891 0.710278
48.700001 126.074057 96.465922 16.336477 -0.010577 -0.105541 0.695817 0.710343
48.800000 126.062406 96.665119 16.366508 -0.010636 -0.105706 0.695479 0.710649
48.900001 126.048950 96.811329 16.386565 -0.010604 -0.105819 0.695128 0.710976
49.000000 126.037538 96.982909 16.413342 -0.010674 -0.105933 0.694879 0.711201
49.100000 126.025778 97.160063 16.438700 -0.010692 -0.106047 0.694737 0.711323
49.200001 126.013693 97.333865 16.465881 -0.010781 -0.106175 0.694566 0.711470
49.300000 126.003473 97.534403 16.496436 -0.010805 -0.106251 0.694395 0.711625
49.400001 125.992823 97.742489 16.528561 -0.010871 -0.106398 0.694076 0.711913
49.500000 125.982858 97.958315 16.561398 -0.010964 -0.106551 0.693889 0.712071
49.600000 125.969530 98.120993 16.586467 -0.011078 -0.106697 0.693785 0.712149
49.700001 125.961690 98.384110 16.624774 -0.011085 -0.106817 0.693590 0.712320
49.800000 125.953501 98.543197 16.651374 -0.011143 -0.107135 0.691852 0.713960
49.900001 125.943035 98.716669 16.679672 -0.010953 -0.106914 0.691973 0.713878
50.000000 125.931936 98.893384 16.708268 -0.011108 -0.107071 0.691855 0.713968
50.100000 125.923796 99.097670 16.741538 -0.011157 -0.107209 0.691212 0.714568
50.200001 125.913277 99.278512 16.770933 -0.011150 -0.107204 0.691102 0.714675
50.300000 125.906782 99.498824 16.802179 -0.011223 -0.107437 0.690838 0.714894
50.400001 125.898894 99.707267 16.834369 -0.011232 -0.107550 0.690437 0.715265
50.500001 125.891554 99.914979 16.869458 -0.011348 -0.107636 0.690228 0.715452
50.600001 125.884653 100.152753 16.908060 -0.011382 -0.107676 0.690086 0.715582
50.700001 125.913445 100.737556 16.952684 -0.010407 -0.108719 0.687795 0.717642
50.800001 125.918831 101.092880 17.009346 -0.010539 -0.108958 0.687645 0.717747
50.900001 125.912724 101.299712 17.044378 -0.010723 -0.109072 0.687946 0.717439
51.000001 125.911106 101.539087 17.083653 -0.010780 -0.109285 0.687100 0.718216
51.100001 125.939671 102.131814 17.113698 -0.009538 -0.110415 0.687100 0.718061
51.200001 125.935215 102.344284 17.148911 -0.009646 -0.110584 0.686902 0.718223
51.300001 125.932438 102.573710 17.187401 -0.009739 -0.110770 0.686457 0.718618
51.400001 125.927948 102.781050 17.223753 -0.009830 -0.110893 0.686173 0.718869
51.500001 125.952401 103.363933 17.286313 -0.009276 -0.111339 0.686099 0.718878
51.600001 125.985219 103.944496 17.343756 -0.008459 -0.112183 0.683798 0.720947
51.700001 126.017125 104.534926 17.387592 -0.007229 -0.112915 0.683833 0.720812
51.800001 126.015275 104.765826 17.427326 -0.007383 -0.113091 0.684033 0.720594
51.900001 126.018337 105.019439 17.468791 -0.007367 -0.113370 0.683158 0.721379
52.000001 126.018826 105.249868 17.511484 -0.007417 -0.113421 0.682854 0.721658
52.100001 126.020266 105.488116 17.554433 -0.007588 -0.113607 0.682631 0.721839
52.200001 126.049758 106.062738 17.620993 -0.007125 -0.114133 0.682401 0.721978
52.300001 126.083605 106.658143 17.668192 -0.006109 -0.115065 0.682360 0.721878
52.400001 126.084582 106.899948 17.712449 -0.006243 -0.115259 0.682058 0.722131
52.500001 126.123926 107.496638 17.756747 -0.005000 -0.116440 0.680714 0.723218
52.600001 126.156674 108.072379 17.816961 -0.004169 -0.117057 0.680789 0.723054
52.700001 126.192561 108.672261 17.864143 -0.003089 -0.118133 0.681017 0.722670
52.800001 126.196827 108.935665 17.913578 -0.003062 -0.118263 0.680384 0.723244
52.900001 126.233182 109.532216 17.965176 -0.001995 -0.119268 0.680410 0.723058
53.000001 126.235734 109.785495 18.015569 -0.002060 -0.119357 0.680121 0.723316
53.100001 126.268040 110.364271 18.090135 -0.001500 -0.119894 0.679952 0.723386
53.200001 126.303696 110.955851 18.147249 -0.000483 -0.120799 0.679955 0.723235
53.300001 126.338393 111.546312 18.211190 0.000389 -0.121634 0.679931 0.723118
53.400001 126.373240 112.130486 18.283434 0.001153 -0.122351 0.679319 0.723570
53.500001 126.407394 112.718183 18.355351 0.001936 -0.123001 0.679373 0.723409
53.600001 126.441851 113.305793 18.422132 0.002775 -0.123865 0.679441 0.723194
53.700001 126.472507 113.879468 18.510375 0.003156 -0.124281 0.679303 0.723251
53.800001 126.507947 114.470999 18.576898 0.004134 -0.125178 0.679238 0.723153
53.900001 126.542298 115.065084 18.651472 0.004974 -0.125916 0.679258 0.723000
54.000001 126.575909 115.643140 18.721556 0.005870 -0.126786 0.679164 0.722929
54.100001 126.607282 116.222427 18.804729 0.006491 -0.127395 0.679298 0.722691
54.200001 126.639052 116.798642 18.887966 0.007098 -0.128058 0.679150 0.722707
54.300001 126.674769 117.391043 18.957665 0.008208 -0.129012 0.678908 0.722754
54.400001 126.705310 117.962306 19.045255 0.008789 -0.129579 0.678951 0.722605
54.500001 126.735846 118.536742 19.134138 0.009357 -0.130152 0.678992 0.722456
54.600001 126.765743 119.109958 19.228909 0.009852 -0.130625 0.678886 0.722464
54.700001 126.796596 119.683743 19.317582 0.010503 -0.131220 0.678820 0.722409
54.800001 126.827897 120.262068 19.405883 0.011190 -0.131861 0.678820 0.722282
54.900001 126.856558 120.832938 19.505639 0.011597 -0.132265 0.678908 0.722119
55.000001 126.886977 121.404937 19.597565 0.012214 -0.132885 0.678764 0.722130
55.100001 126.916942 121.975486 19.688792 0.012865 -0.133504 0.678802 0.721968
55.200001 126.946448 122.550359 19.787290 0.013414 -0.134000 0.678771 0.721896
55.300001 126.976208 123.121200 19.883013 0.014014 -0.134600 0.678689 0.721851
55.400001 127.005432 123.690476 19.981376 0.014556 -0.135162 0.678635 0.721785
55.500001 127.037955 124.268727 20.059381 0.015616 -0.136152 0.678688 0.721528
55.600001 127.067123 124.842922 20.158573 0.016197 -0.136749 0.678726 0.721366
55.700001 127.097562 125.421689 20.254498 0.016942 -0.137439 0.678626 0.721311
55.800001 127.125783 125.989248 20.355835 0.017532 -0.137977 0.678645 0.721176
55.900001 127.155455 126.566033 20.452955 0.018252 -0.138691 0.678676 0.720992
56.000001 127.184461 127.139638 20.554085 0.018959 -0.139289 0.678579 0.720950
56.100001 127.215806 127.720019 20.641464 0.019996 -0.140222 0.678593 0.720728
56.200001 127.246850 128.301018 20.732964 0.020991 -0.141135 0.678516 0.720595
56.300001 127.275417 128.873710 20.834758 0.021769 -0.141796 0.678542 0.720417
56.400001 127.303321 129.444643 20.940170 0.022455 -0.142417 0.678577 0.720241
56.500001 127.329311 130.010311 21.056271 0.022882 -0.142857 0.678576 0.720141
56.600001 127.358368 130.590065 21.158921 0.023730 -0.143594 0.678577 0.719966
56.700001 127.386148 131.159698 21.264417 0.024556 -0.144259 0.678469 0.719907
56.800001 127.414004 131.734452 21.371932 0.025332 -0.144938 0.678487 0.719727
56.900001 127.439343 132.300602 21.489720 0.025876 -0.145376 0.678529 0.719579
57.000001 127.468884 132.884027 21.589026 0.026945 -0.146258 0.678534 0.719357
57.100001 127.495697 133.451177 21.700457 0.027674 -0.146933 0.678412 0.719307
57.200001 127.522025 134.017546 21.810901 0.028400 -0.147641 0.678518 0.719034
57.300001 127.547384 134.582782 21.926469 0.029087 -0.148232 0.678525 0.718877
57.400001 127.573563 135.150677 22.040285 0.029840 -0.148917 0.678476 0.718752
57.500001 127.598454 135.714522 22.157847 0.030530 -0.149503 0.678460 0.718616
57.600001 127.624435 136.282260 22.275691 0.031253 -0.150150 0.678294 0.718607
57.700001 127.648477 136.844205 22.401534 0.031765 -0.150606 0.678317 0.718467
57.800001 127.672733 137.409780 22.523554 0.032393 -0.151169 0.678469 0.718177
57.900001 127.698117 137.974353 22.642959 0.033125 -0.151876 0.678276 0.718177
58.000001 127.722149 138.537721 22.766166 0.033787 -0.152444 0.678364 0.717943
58.100001 127.746128 139.100140 22.889789 0.034430 -0.153071 0.678367 0.717775
58.200001 127.769504 139.661911 23.020836 0.034987 -0.153534 0.678223 0.717786
58.300001 127.794066 140.228563 23.144608 0.035723 -0.154167 0.678228 0.717609
58.400001 127.817480 140.789111 23.271515 0.036353 -0.154788 0.678238 0.717434
58.500001 127.841168 141.355298 23.400236 0.037027 -0.155369 0.678233 0.717279
58.600001 127.865067 141.920255 23.526409 0.037775 -0.156031 0.678213 0.717115
58.700001 127.887454 142.478395 23.659346 0.038341 -0.156570 0.678191 0.716989
58.800001 127.908860 143.037501 23.796516 0.038842 -0.157010 0.678290 0.716772
58.900001 127.932779 143.603256 23.925561 0.039594 -0.157685 0.678095 0.716767
59.000001 127.956322 144.169876 24.053017 0.040400 -0.158376 0.678175 0.716494
59.100001 127.979433 144.732375 24.182967 0.041152 -0.159084 0.678063 0.716400
59.200001 128.000863 145.289433 24.318069 0.041798 -0.159643 0.678138 0.716168
59.300001 128.023179 145.851673 24.450332 0.042563 -0.160304 0.678126 0.715986
59.400001 128.044434 146.411306 24.590487 0.043184 -0.160813 0.678081 0.715877
59.500001 128.067860 146.980371 24.718652 0.044188 -0.161607 0.678057 0.715660
59.600001 128.090106 147.546944 24.854865 0.045011 -0.162254 0.678046 0.715473
59.700001 128.111533 148.107175 24.993220 0.045733 -0.162887 0.678020 0.715308
59.800001 128.133779 148.669730 25.123947 0.046716 -0.163658 0.677990 0.715097
59.900001 128.150434 149.210571 25.284874 0.046818 -0.163789 0.677979 0.715070
60.000001 128.167176 149.750446 25.444286 0.046946 -0.163946 0.677964 0.715040
60.100001 128.182925 150.289072 25.605472 0.047051 -0.164030 0.678066 0.714917
60.200001 128.199464 150.829153 25.766219 0.047143 -0.164211 0.678024 0.714910
60.300001 128.217611 151.378910 25.925846 0.047425 -0.164396 0.677841 0.715022
60.400001 128.237494 151.941905 26.074956 0.048010 -0.164852 0.678020 0.714708
60.500001 128.258587 152.504143 26.212958 0.048868 -0.165635 0.678003 0.714485
60.600001 128.277678 153.059203 26.364118 0.049422 -0.166087 0.677942 0.714399
60.700001 128.297372 153.613360 26.512649 0.050050 -0.166625 0.677804 0.714361
60.800001 128.316948 154.170737 26.660227 0.050766 -0.167173 0.677810 0.714177
60.900001 128.337424 154.733333 26.803933 0.051586 -0.167877 0.677819 0.713945
61.000001 128.358466 155.296557 26.943260 0.052575 -0.168661 0.677792 0.713714
61.100001 128.377215 155.852730 27.095364 0.053243 -0.169209 0.677771 0.713555
61.200001 128.394422 156.400616 27.254549 0.053708 -0.169610 0.677751 0.713444
61.300001 128.412485 156.955117 27.411889 0.054289 -0.170077 0.677738 0.713301
61.400001 128.431009 157.509413 27.562948 0.055054 -0.170672 0.677711 0.713125
61.500001 128.449559 158.065875 27.716540 0.055786 -0.171260 0.677689 0.712949
61.600001 128.468401 158.624855 27.869617 0.056575 -0.171889 0.677667 0.712756
61.700001 128.485406 159.176798 28.031041 0.057159 -0.172331 0.677654 0.712615
61.800001 128.503387 159.734901 28.186238 0.057913 -0.172953 0.677735 0.712326
61.900001 128.521325 160.291579 28.341836 0.058692 -0.173587 0.677685 0.712156
62.000001 128.539983 160.848696 28.494186 0.059635 -0.174266 0.677513 0.712076
62.100001 128.552363 161.380420 28.678456 0.059525 -0.174301 0.677512 0.712077
62.200001 128.564612 161.909125 28.858634 0.059472 -0.174378 0.677522 0.712053
62.300001 128.577520 162.442223 29.038933 0.059479 -0.174426 0.677518 0.712044
62.400001 128.590162 162.973689 29.219751 0.059473 -0.174490 0.677504 0.712042
62.500001 128.602449 163.506547 29.405936 0.059349 -0.174490 0.677497 0.712059
62.600001 128.620534 164.062460 29.559772 0.060234 -0.175183 0.677462 0.711848
62.700001 128.637775 164.619405 29.721898 0.060969 -0.175757 0.677445 0.711660
62.800001 128.654563 165.171127 29.882870 0.061711 -0.176338 0.677416 0.711481
62.900001 128.671023 165.723475 30.046166 0.062460 -0.176894 0.677395 0.711297
63.000001 128.686217 166.270818 30.216364 0.063024 -0.177335 0.677376 0.711155
63.100001 128.701059 166.817848 30.386777 0.063544 -0.177831 0.677449 0.710916
63.200001 128.717654 167.371685 30.547375 0.064413 -0.178514 0.677390 0.710723
63.300001 128.733669 167.923257 30.713754 0.065157 -0.179093 0.677325 0.710571
63.400001 128.748415 168.471513 30.886174 0.065763 -0.179553 0.677303 0.710420
63.500001 128.763551 169.019836 31.054311 0.066488 -0.180138 0.677266 0.710240
63.600001 128.778489 169.571469 31.226460 0.067203 -0.180644 0.677253 0.710056
63.700001 128.793696 170.121867 31.398572 0.067941 -0.181177 0.677127 0.709970
63.800001 128.806795 170.664150 31.576110 0.068436 -0.181637 0.677219 0.709717
63.900001 128.820297 171.209328 31.754954 0.068965 -0.182078 0.677214 0.709559
64.000001 128.834384 171.754795 31.930926 0.069653 -0.182560 0.677053 0.709521
64.100001 128.849013 172.305939 32.104704 0.070448 -0.183099 0.677056 0.709301
64.200001 128.861664 172.847629 32.285945 0.070968 -0.183534 0.677064 0.709128
64.300001 128.875719 173.393483 32.459170 0.071715 -0.184137 0.677024 0.708935
64.400001 128.883696 173.901006 32.650028 0.071643 -0.184234 0.676948 0.708989
64.500001 128.892795 174.420668 32.845500 0.071559 -0.184339 0.676899 0.709018
64.600001 128.902918 174.949415 33.042926 0.071522 -0.184457 0.676875 0.709014
64.700001 128.912092 175.473149 33.243487 0.071385 -0.184503 0.676849 0.709040
64.800001 128.921397 175.996057 33.443244 0.071215 -0.184620 0.676803 0.709071
64.900001 128.934285 176.538481 33.626481 0.071762 -0.185043 0.676784 0.708924
65.000001 128.947504 177.081767 33.805905 0.072445 -0.185551 0.676753 0.708751
65.100001 128.960845 177.626112 33.985366 0.073135 -0.186094 0.676720 0.708569
65.200001 128.973788 178.172452 34.170676 0.073758 -0.186522 0.676717 0.708395
65.300001 128.986156 178.715071 34.357515 0.074298 -0.186964 0.676695 0.708244
65.400001 128.998600 179.257722 34.542259 0.074940 -0.187430 0.676675 0.708072
65.500001 129.011553 179.805378 34.727752 0.075620 -0.187920 0.676665 0.707879
65.600001 129.023637 180.350402 34.917278 0.076221 -0.188334 0.676661 0.707707
65.700001 129.035715 180.892556 35.104320 0.076833 -0.188829 0.676632 0.707538
65.800001 129.047614 181.437497 35.292727 0.077545 -0.189258 0.676633 0.707345
65.900001 129.057451 181.971993 35.493610 0.077816 -0.189518 0.676623 0.707255
66.000001 129.068300 182.511626 35.688217 0.078320 -0.189885 0.676615 0.707108
66.100001 129.078708 183.049726 35.883759 0.078817 -0.190208 0.676614 0.706968
66.200001 129.089706 183.591201 36.077551 0.079404 -0.190609 0.676608 0.706799
66.300001 129.100321 184.131662 36.271618 0.080010 -0.191008 0.676602 0.706629
66.400001 129.110887 184.674104 36.470593 0.080522 -0.191347 0.676614 0.706467
66.500001 129.120378 185.210858 36.671694 0.080932 -0.191644 0.676613 0.706341
66.600001 129.128123 185.737448 36.883109 0.080905 -0.191750 0.676603 0.706325
66.700001 129.135153 186.257854 37.090921 0.080883 -0.191849 0.676571 0.706331
66.800001 129.141686 186.775103 37.297328 0.080914 -0.191929 0.676536 0.706340
66.900001 129.148017 187.291881 37.508096 0.080823 -0.191996 0.676498 0.706368
67.000001 129.154232 187.806052 37.718659 0.080683 -0.192111 0.676437 0.706411
67.100001 129.163470 188.341034 37.922709 0.081000 -0.192364 0.676440 0.706303
67.200001 129.171602 188.874644 38.137493 0.081120 -0.192445 0.676478 0.706231
67.300001 129.179360 189.406108 38.352595 0.081210 -0.192500 0.676514 0.706171
67.400001 129.187033 189.937132 38.567201 0.081308 -0.192561 0.676548 0.706111
67.500001 129.193937 190.462500 38.781113 0.081337 -0.192652 0.676549 0.706082
67.600001 129.200023 190.992146 38.997252 0.081314 -0.192701 0.676896 0.705738
67.700001 129.206639 191.521142 39.214705 0.081322 -0.192742 0.676863 0.705757
67.800001 129.214582 192.059915 39.434818 0.081431 -0.192708 0.676842 0.705774
67.900001 129.221527 192.599092 39.655207 0.081434 -0.192737 0.677141 0.705480
68.000001 129.228926 193.138790 39.874796 0.081515 -0.192769 0.677172 0.705432
68.100001 129.236186 193.675282 40.094257 0.081556 -0.192823 0.677145 0.705437
68.200001 129.242170 194.207470 40.312766 0.081569 -0.192835 0.677293 0.705291
68.300001 129.249121 194.746642 40.533797 0.081574 -0.192882 0.677344 0.705229
68.400001 129.254635 195.273751 40.750943 0.081592 -0.192872 0.677342 0.705231
68.500001 129.246189 195.811323 40.970057 0.080809 -0.192936 0.681813 0.700983
68.600001 129.233216 196.336208 41.181209 0.079755 -0.193603 0.684698 0.698101
68.700001 129.231620 196.836121 41.386367 0.080141 -0.193630 0.682464 0.700234
68.800001 129.227872 197.366272 41.603776 0.080301 -0.193397 0.682969 0.699787
68.900001 129.220910 197.896533 41.820194 0.080012 -0.193525 0.683919 0.698857
69.000001 129.217197 198.420835 42.032910 0.080018 -0.193594 0.683466 0.699280
69.100001 129.211698 198.947752 42.248074 0.079998 -0.193527 0.683770 0.699004
69.200001 129.205043 199.465485 42.459830 0.079880 -0.193597 0.684042 0.698732
69.300001 129.198886 199.980058 42.670896 0.079847 -0.193553 0.683950 0.698838
69.400001 129.176299 200.509834 42.884544 0.078882 -0.193624 0.689120 0.693830
69.500001 129.147807 201.031357 43.093677 0.077474 -0.194338 0.692920 0.689995
69.600001 129.131610 201.547478 43.302856 0.077543 -0.194432 0.691594 0.691290
69.700001 129.110354 202.074985 43.514762 0.077470 -0.194321 0.692745 0.690175
69.800001 129.084741 202.593609 43.722584 0.077027 -0.194549 0.694232 0.688665
69.900001 129.061510 203.118545 43.934392 0.076902 -0.194599 0.694376 0.688520
70.000001 129.036645 203.642268 44.145251 0.076777 -0.194602 0.695070 0.687832
70.100001 129.010288 204.166595 44.357025 0.076645 -0.194713 0.695784 0.687093
70.200001 128.984093 204.693061 44.568429 0.076555 -0.194758 0.696148 0.686722
70.300001 128.942873 205.220119 44.776528 0.075516 -0.194823 0.700918 0.681950
70.400001 128.895045 205.736117 44.979878 0.074141 -0.195537 0.704866 0.677814
70.500001 128.856554 206.254815 45.187119 0.074076 -0.195703 0.704414 0.678243
70.600001 128.810931 206.786675 45.397805 0.073679 -0.195636 0.706256 0.676388
70.700001 128.761681 207.321581 45.609040 0.073069 -0.195879 0.708057 0.674499
70.800001 128.713995 207.847854 45.817802 0.072846 -0.195960 0.708690 0.673834
70.900001 128.663729 208.377941 46.027074 0.072609 -0.195999 0.709787 0.672692
71.000001 128.612112 208.912011 46.236885 0.072270 -0.196143 0.710785 0.671633
71.100001 128.560099 209.440283 46.445073 0.072081 -0.196257 0.711428 0.670938
71.200001 128.506799 209.967173 46.652536 0.071902 -0.196302 0.712144 0.670184
71.300001 128.437033 210.496411 46.856513 0.070706 -0.196374 0.717344 0.664722
71.400001 128.358641 211.025924 47.060745 0.069176 -0.197115 0.721817 0.659804
71.500001 128.294620 211.524990 47.253611 0.069029 -0.197372 0.721278 0.660332
71.600001 128.224139 212.030856 47.447212 0.068583 -0.197426 0.722950 0.658531
71.700001 128.146176 212.559201 47.650436 0.067921 -0.197657 0.724960 0.656316
71.800001 128.069871 213.086752 47.853657 0.067665 -0.197845 0.725630 0.655546
71.900001 127.991087 213.614266 48.056208 0.067367 -0.197944 0.726756 0.654298
72.000001 127.911099 214.135620 48.256059 0.066982 -0.198073 0.727798 0.653138
72.100001 127.833432 214.645127 48.450180 0.066757 -0.198154 0.728434 0.652428
72.200001 127.737130 215.169548 48.647787 0.065653 -0.198246 0.733317 0.647019
72.300001 127.634679 215.683501 48.839760 0.064077 -0.198992 0.737393 0.642299
72.400001 127.543646 216.188936 49.031364 0.063836 -0.199238 0.737167 0.642506
72.500001 127.441989 216.712565 49.228607 0.063452 -0.199160 0.739137 0.640301
72.600001 127.334605 217.245055 49.427913 0.062894 -0.199477 0.741052 0.638040
72.700001 127.228440 217.777177 49.627016 0.062568 -0.199710 0.741814 0.637114
72.800001 127.125340 218.287049 49.816989 0.062075 -0.199863 0.742901 0.635846
72.900001 127.017966 218.805981 50.010185 0.061694 -0.200006 0.743937 0.634625
73.000001 126.907164 219.334893 50.207789 0.061428 -0.200101 0.744687 0.633741
73.100001 126.796386 219.857306 50.403195 0.061182 -0.200153 0.745472 0.632825
73.200001 126.668036 220.385531 50.596319 0.059944 -0.200180 0.750508 0.626955
73.300001 126.531946 220.906738 50.787258 0.058275 -0.200811 0.754826 0.621705
73.400001 126.408605 221.422862 50.977310 0.058210 -0.201169 0.754414 0.622095
73.500001 126.275186 221.954604 51.171076 0.057794 -0.201090 0.756178 0.620014
73.600001 126.147731 222.442530 51.347564 0.057035 -0.201252 0.758012 0.617788
73.700001 126.015315 222.958589 51.535143 0.056696 -0.201428 0.758640 0.616991
73.800001 125.878662 223.480523 51.725188 0.056406 -0.201482 0.759750 0.615633
73.900001 125.740654 223.999792 51.913572 0.056046 -0.201631 0.760789 0.614332
74.000001 125.604051 224.510399 52.098879 0.055796 -0.201678 0.761441 0.613530
74.100001 125.449770 225.029567 52.282718 0.054609 -0.201621 0.766055 0.607887
74.200001 125.291038 225.533316 52.461426 0.053162 -0.202211 0.769909 0.602931
74.300001 125.140212 226.045262 52.645040 0.052958 -0.202489 0.769751 0.603057
74.400001 124.982850 226.556314 52.825656 0.052542 -0.202389 0.771600 0.600759
74.500001 124.819535 227.073763 53.009061 0.051843 -0.202580 0.773399 0.598438
74.600001 124.656945 227.593507 53.193031 0.051476 -0.202682 0.774145 0.597469
74.700001 124.493038 228.107862 53.374263 0.051134 -0.202768 0.775253 0.596032
74.800001 124.325168 228.626999 53.559200 0.050747 -0.202796 0.776294 0.594699
74.900001 124.159059 229.139923 53.740521 0.050465 -0.202877 0.776985 0.593792
75.000001 123.980080 229.642454 53.913613 0.049272 -0.202737 0.781493 0.587996
75.100001 123.788969 230.157011 54.089409 0.047640 -0.203337 0.785330 0.582788
75.200001 123.604814 230.677586 54.272096 0.047537 -0.203526 0.785151 0.582971
75.300001 123.417537 231.188976 54.449150 0.047125 -0.203335 0.786913 0.580691
75.400001 123.220132 231.712361 54.629598 0.046486 -0.203398 0.788720 0.578264
75.500001 123.025458 232.231928 54.810069 0.046164 -0.203403 0.789432 0.577316
75.600001 122.829741 232.748581 54.986986 0.045784 -0.203340 0.790517 0.575881
75.700001 122.632200 233.264388 55.163988 0.045496 -0.203301 0.791532 0.574523
75.800001 122.433278 233.783681 55.341813 0.045221 -0.203311 0.792233 0.573574
75.900001 122.232582 234.301773 55.519282 0.044989 -0.203233 0.792997 0.572563
76.000001 122.024944 234.797529 55.683436 0.043666 -0.203186 0.797482 0.566420
