0.000000 0.000000 0.000000 0.000000 -0.000000 -0.000000 -0.000000 1.000000
0.100000 0.562906 0.000327 -0.012564 0.000098 -0.000382 -0.000006 1.000000
0.200000 1.125652 0.000466 -0.022336 0.000114 -0.000712 -0.000014 1.000000
0.300000 1.688719 0.000871 -0.035006 0.000196 -0.001143 -0.000022 0.999999
0.400000 2.251521 0.001084 -0.044303 0.000237 -0.001485 -0.000030 0.999999
0.500000 2.814562 0.001336 -0.055779 0.000298 -0.001900 -0.000039 0.999998
0.600000 3.377222 0.001477 -0.062837 0.000330 -0.002190 -0.000045 0.999998
0.700000 3.940319 0.001672 -0.073876 0.000376 -0.002619 -0.000055 0.999996
0.800000 4.503137 0.001842 -0.081527 0.000421 -0.002957 -0.000062 0.999996
0.900000 5.065981 0.002024 -0.089262 0.000468 -0.003300 -0.000069 0.999994
1.000000 5.628589 0.002090 -0.093852 0.000495 -0.003575 -0.000075 0.999993
1.100000 6.191516 0.002377 -0.101164 0.000585 -0.003948 -0.000082 0.999992
1.200000 6.753982 0.002233 -0.103878 0.000545 -0.004171 -0.000089 0.999991
1.300000 7.314888 0.002425 -0.092043 0.000337 -0.004042 -0.000102 0.999992
1.400000 7.877410 0.002486 -0.095121 0.000365 -0.004281 -0.000107 0.999991
1.500000 8.440173 0.002690 -0.100390 0.000443 -0.004587 -0.000112 0.999989
1.600000 9.003365 0.003127 -0.109045 0.000582 -0.005032 -0.000119 0.999987
1.700000 9.565926 0.003216 -0.111935 0.000631 -0.005269 -0.000123 0.999986
1.800000 10.128824 0.003544 -0.117397 0.000750 -0.005616 -0.000127 0.999984
1.900000 10.691454 0.003640 -0.120302 0.000818 -0.005876 -0.000131 0.999982
2.000000 11.254121 0.003730 -0.122641 0.000844 -0.006157 -0.000138 0.999981
2.100000 11.816861 0.003999 -0.125873 0.000958 -0.006451 -0.000141 0.999979
2.200000 12.379352 0.004007 -0.126062 0.000987 -0.006674 -0.000145 0.999977
2.300000 12.942271 0.004358 -0.130060 0.001128 -0.007017 -0.000150 0.999975
2.400000 13.505104 0.004565 -0.132915 0.001223 -0.007333 -0.000156 0.999972
2.500000 14.067224 0.004416 -0.128864 0.001240 -0.007445 -0.000157 0.999972
2.600000 14.630009 0.004515 -0.130110 0.001344 -0.007761 -0.000161 0.999969
2.700000 15.192533 0.004667 -0.129533 0.001452 -0.007980 -0.000163 0.999967
2.800000 15.755397 0.005042 -0.131584 0.001606 -0.008302 -0.000166 0.999964
2.900000 16.318373 0.005471 -0.133778 0.001779 -0.008674 -0.000171 0.999961
3.000000 16.881644 0.008303 -0.127918 0.002077 -0.008771 0.002136 0.999957
3.100000 17.444663 0.013359 -0.123116 0.001792 -0.008954 0.002005 0.999956
3.200000 18.007004 0.015954 -0.125557 0.002032 -0.009346 0.001524 0.999953
3.300000 18.568677 0.017781 -0.117343 0.002127 -0.009397 0.002132 0.999951
3.400000 19.131540 0.021390 -0.115729 0.002170 -0.009660 0.002136 0.999949
3.500000 19.694589 0.024289 -0.115644 0.002273 -0.009983 0.002114 0.999945
3.600000 20.257615 0.027364 -0.113392 0.002397 -0.010234 0.002335 0.999942
3.700000 20.820338 0.030527 -0.109166 0.002433 -0.010447 0.002314 0.999940
3.800000 21.383064 0.033630 -0.107014 0.002541 -0.010755 0.002357 0.999936
3.900000 21.946658 0.043350 -0.085672 0.003116 -0.010424 0.009116 0.999899
4.000000 22.512070 0.068599 -0.075077 0.002680 -0.010456 0.014963 0.999830
4.100000 23.072094 0.090228 -0.071415 0.001892 -0.010722 0.011872 0.999870
4.200000 23.630741 0.100911 -0.056939 0.002340 -0.010609 0.012558 0.999862
4.300000 24.194262 0.118337 -0.053832 0.002532 -0.010865 0.014488 0.999833
4.400000 24.758379 0.137028 -0.049632 0.002349 -0.011111 0.014050 0.999837
4.500000 25.322689 0.153683 -0.046277 0.002607 -0.011353 0.014543 0.999826
4.600000 25.886272 0.171627 -0.038780 0.002645 -0.011494 0.015240 0.999814
4.700000 26.449094 0.190681 -0.038451 0.002833 -0.011850 0.015347 0.999808
4.800000 27.010825 0.215466 -0.009840 0.003359 -0.011303 0.022838 0.999670
4.900000 27.574263 0.257093 0.001434 0.002855 -0.011396 0.028581 0.999522
5.000000 28.133441 0.296171 0.006315 0.002291 -0.011652 0.026982 0.999565
5.100000 28.693229 0.327181 0.021659 0.002686 -0.011527 0.028946 0.999511
5.200000 29.257824 0.365512 0.026617 0.002816 -0.011720 0.031315 0.999437
5.300000 29.822697 0.405086 0.031651 0.002699 -0.011963 0.031716 0.999422
5.400000 30.386437 0.443156 0.039388 0.002822 -0.012113 0.032903 0.999381
5.500000 30.948788 0.483332 0.045719 0.002854 -0.012312 0.034057 0.999340
5.600000 31.509525 0.524856 0.048409 0.002949 -0.012642 0.034673 0.999314
5.700000 32.069111 0.571518 0.077036 0.003439 -0.012120 0.041757 0.999048
5.800000 32.630823 0.634531 0.090334 0.003040 -0.012169 0.047874 0.998775
5.900000 33.189597 0.696991 0.096932 0.002530 -0.012406 0.047191 0.998806
6.000000 33.748997 0.752450 0.115614 0.002812 -0.012210 0.049879 0.998677
6.100000 34.312294 0.815783 0.121752 0.002838 -0.012424 0.052588 0.998535
6.200000 34.874813 0.880436 0.127970 0.002723 -0.012641 0.053507 0.998484
6.300000 35.435562 0.944172 0.138693 0.002851 -0.012704 0.055110 0.998395
6.400000 35.994923 1.010338 0.147209 0.002932 -0.012848 0.056574 0.998311
6.500000 36.553214 1.077625 0.152300 0.003047 -0.013134 0.057521 0.998253
6.600000 37.110963 1.145183 0.160039 0.003179 -0.013334 0.058556 0.998190
6.700000 37.669655 1.220142 0.187167 0.003692 -0.012868 0.066291 0.997711
6.800000 38.229832 1.312708 0.199276 0.003267 -0.012978 0.073105 0.997234
6.900000 38.785993 1.404398 0.205650 0.002678 -0.013286 0.072327 0.997289
7.000000 39.341610 1.487975 0.223569 0.003044 -0.013131 0.074931 0.997098
7.100000 39.900100 1.580094 0.226764 0.003142 -0.013464 0.077960 0.996861
7.200000 40.457298 1.673460 0.235706 0.002965 -0.013667 0.078904 0.996784
7.300000 41.013884 1.765817 0.246416 0.003083 -0.013809 0.080560 0.996649
7.400000 41.570387 1.861207 0.251100 0.003244 -0.014139 0.082144 0.996515
7.500000 42.125807 1.957563 0.255861 0.003385 -0.014472 0.083148 0.996426
7.600000 42.679663 2.059481 0.285618 0.003845 -0.013950 0.090562 0.995786
7.700000 43.233390 2.178183 0.300529 0.003451 -0.014034 0.097017 0.995178
7.800000 43.783142 2.296342 0.309483 0.002990 -0.014292 0.096610 0.995215
7.900000 44.333609 2.407492 0.329200 0.003283 -0.014117 0.099522 0.994930
8.000000 44.886752 2.526765 0.339879 0.003292 -0.014253 0.102439 0.994632
8.100000 45.439744 2.648106 0.348125 0.003267 -0.014481 0.103542 0.994514
8.200000 45.991968 2.768522 0.358374 0.003434 -0.014634 0.105311 0.994326
8.300000 46.542678 2.891070 0.368815 0.003477 -0.014817 0.106907 0.994152
8.400000 47.091804 3.014603 0.377400 0.003556 -0.015071 0.107981 0.994032
8.500000 47.639166 3.143914 0.408820 0.003996 -0.014528 0.115486 0.993195
8.600000 48.185712 3.290277 0.424401 0.003553 -0.014626 0.122025 0.992413
8.700000 48.728759 3.435989 0.433785 0.003035 -0.014929 0.121474 0.992478
8.800000 49.272918 3.574185 0.458880 0.003259 -0.014615 0.124270 0.992135
8.900000 49.820281 3.721048 0.467505 0.003330 -0.014860 0.127186 0.991762
9.000000 50.366523 3.869500 0.478691 0.003256 -0.015039 0.128224 0.991626
9.100000 50.911598 4.016899 0.491390 0.003422 -0.015116 0.129934 0.991401
9.200000 51.455301 4.166496 0.500923 0.003475 -0.015320 0.131503 0.991191
9.300000 51.997438 4.317085 0.508639 0.003574 -0.015604 0.132526 0.991050
9.400000 52.538601 4.467663 0.521085 0.003666 -0.015760 0.133654 0.990896
9.500000 53.078993 4.625497 0.554849 0.004083 -0.015139 0.141447 0.989822
9.600000 53.618251 4.801460 0.572466 0.003656 -0.015195 0.148315 0.988817
9.700000 54.153574 4.976357 0.582735 0.003102 -0.015485 0.147487 0.988938
9.800000 54.690011 5.142427 0.605032 0.003437 -0.015239 0.150017 0.988560
9.900000 55.228325 5.317173 0.612446 0.003594 -0.015499 0.153072 0.988087
10.000000 55.765089 5.493827 0.623404 0.003492 -0.015712 0.153991 0.987941
10.100000 56.301245 5.669037 0.636785 0.003675 -0.015793 0.155622 0.987684
10.200000 56.836543 5.846548 0.648155 0.003731 -0.015985 0.157202 0.987430
10.300000 57.371017 6.025563 0.654234 0.003911 -0.016328 0.158186 0.987267
10.400000 57.903060 6.209163 0.687917 0.004267 -0.015744 0.165516 0.986072
10.500000 58.432484 6.409753 0.705295 0.003840 -0.015850 0.171881 0.984983
10.600000 58.957853 6.609948 0.716684 0.003430 -0.016131 0.171462 0.985053
10.700000 59.485292 6.802621 0.738955 0.003694 -0.015923 0.174330 0.984552
10.800000 60.014451 7.003948 0.749739 0.003742 -0.016140 0.177201 0.984035
10.900000 60.542745 7.207049 0.761179 0.003725 -0.016350 0.178283 0.983836
11.000000 61.070121 7.408684 0.776920 0.003806 -0.016401 0.180019 0.983519
11.100000 61.595970 7.612876 0.789189 0.003924 -0.016561 0.181598 0.983226
11.200000 62.119731 7.817156 0.803823 0.003905 -0.016669 0.182657 0.983028
11.300000 62.642731 8.021836 0.818239 0.003987 -0.016765 0.183800 0.982813
11.400000 63.164208 8.233497 0.852329 0.004350 -0.016153 0.191535 0.981343
11.500000 63.682668 8.463109 0.870740 0.003874 -0.016263 0.198341 0.979991
11.600000 64.197331 8.691599 0.882631 0.003313 -0.016584 0.197561 0.980145
11.700000 64.714256 8.911217 0.905159 0.003586 -0.016363 0.200120 0.979628
11.800000 65.231961 9.139578 0.916568 0.003656 -0.016546 0.203168 0.978997
11.900000 65.748011 9.370031 0.929713 0.003564 -0.016734 0.204105 0.978799
12.000000 66.263395 9.598607 0.947096 0.003668 -0.016741 0.205755 0.978453
12.100000 66.777561 9.829404 0.961807 0.003648 -0.016849 0.207354 0.978114
12.200000 67.290628 10.061728 0.971177 0.003799 -0.017115 0.208344 0.977898
12.300000 67.801305 10.298932 1.002030 0.004202 -0.016615 0.215609 0.976329
12.400000 68.307458 10.552462 1.019853 0.003765 -0.016748 0.221914 0.974915
12.500000 68.809809 10.805128 1.031648 0.003343 -0.017069 0.221506 0.975004
12.600000 69.315064 11.050842 1.053599 0.003666 -0.016874 0.224366 0.974352
12.700000 69.820862 11.305197 1.066538 0.003748 -0.017053 0.227226 0.973685
12.800000 70.325713 11.561334 1.078083 0.003769 -0.017298 0.228303 0.973429
12.900000 70.829877 11.816219 1.091790 0.003974 -0.017411 0.230041 0.973017
13.000000 71.331943 12.072715 1.107061 0.004021 -0.017537 0.231616 0.972641
13.100000 71.832380 12.330122 1.117802 0.004112 -0.017798 0.232665 0.972385
13.200000 72.329691 12.591764 1.153915 0.004365 -0.017155 0.240010 0.970609
13.300000 72.822134 12.870413 1.173098 0.003918 -0.017289 0.246396 0.969007
13.400000 73.310992 13.148279 1.186782 0.003505 -0.017601 0.245831 0.969147
13.500000 73.803472 13.418230 1.212310 0.003736 -0.017328 0.248557 0.968455
13.600000 74.296308 13.697434 1.225142 0.003826 -0.017514 0.251407 0.967715
13.700000 74.787506 13.977905 1.241436 0.003749 -0.017630 0.252405 0.967454
13.800000 75.278040 14.257109 1.257943 0.003937 -0.017660 0.254077 0.967015
13.900000 75.766435 14.537947 1.274157 0.004003 -0.017755 0.255612 0.966608
14.000000 76.253132 14.819153 1.288971 0.004068 -0.017895 0.256612 0.966340
14.100000 76.739055 15.100274 1.306408 0.004128 -0.017955 0.257712 0.966046
14.200000 77.222311 15.387851 1.346455 0.004343 -0.017170 0.265311 0.964000
14.300000 77.700096 15.693219 1.367115 0.003903 -0.017253 0.271994 0.962136
14.400000 78.174141 15.996988 1.380302 0.003441 -0.017590 0.271170 0.962365
14.500000 78.651707 16.291936 1.405508 0.003725 -0.017297 0.273627 0.961673
14.600000 79.128744 16.595542 1.419048 0.003833 -0.017445 0.276607 0.960817
14.700000 79.604131 16.901419 1.430443 0.003834 -0.017705 0.277498 0.960556
14.800000 80.079353 17.205487 1.445387 0.004033 -0.017793 0.279080 0.960095
14.900000 80.552771 17.511123 1.462251 0.004044 -0.017872 0.280621 0.959644
15.000000 81.025061 17.818189 1.473060 0.004242 -0.018127 0.281578 0.959358
15.100000 81.493951 18.129158 1.508723 0.004517 -0.017485 0.288700 0.957249
15.200000 81.955951 18.455957 1.528791 0.004111 -0.017600 0.294877 0.955364
15.300000 82.414187 18.781431 1.542993 0.003751 -0.017909 0.294454 0.955491
15.400000 82.876573 19.100430 1.564963 0.004113 -0.017712 0.297238 0.954630
15.500000 83.338271 19.427745 1.579411 0.004166 -0.017880 0.300027 0.953754
15.600000 83.798657 19.756867 1.593968 0.004184 -0.018060 0.301067 0.953423
15.700000 84.258572 20.084524 1.610897 0.004371 -0.018097 0.302756 0.952886
15.800000 84.716391 20.414061 1.625110 0.004537 -0.018260 0.304292 0.952393
15.900000 85.172595 20.744067 1.636040 0.004765 -0.018523 0.305316 0.952059
16.000000 85.624787 21.077672 1.671209 0.005043 -0.017909 0.312494 0.949738
16.100000 86.069729 21.427400 1.689680 0.004651 -0.018114 0.318730 0.947661
16.200000 86.511383 21.775819 1.703018 0.004297 -0.018477 0.318181 0.947840
16.300000 86.957615 22.116839 1.728775 0.004533 -0.018208 0.320848 0.946945
16.400000 87.402829 22.466737 1.744493 0.004590 -0.018355 0.323627 0.945996
16.500000 87.846588 22.818516 1.757430 0.004640 -0.018595 0.324604 0.945656
16.600000 88.289738 23.168016 1.775746 0.004708 -0.018640 0.326224 0.945097
16.700000 88.730446 23.519255 1.791350 0.004828 -0.018773 0.327719 0.944576
16.800000 89.169273 23.870513 1.806654 0.004933 -0.018928 0.328693 0.944234
16.900000 89.607342 24.221757 1.824131 0.005077 -0.019005 0.329764 0.943858
17.000000 90.042069 24.578733 1.863015 0.005273 -0.018293 0.337181 0.941247
17.100000 90.468833 24.952512 1.882551 0.004790 -0.018502 0.343692 0.938888
17.200000 90.891697 25.324435 1.897557 0.004366 -0.018855 0.342890 0.939176
17.300000 91.319436 25.687475 1.925542 0.004577 -0.018506 0.345297 0.938300
17.400000 91.745032 26.058338 1.947343 0.004485 -0.018486 0.348203 0.937226
17.500000 92.169004 26.432205 1.959980 0.004498 -0.018745 0.349068 0.936899
17.600000 92.593153 26.804244 1.975484 0.004717 -0.018832 0.350614 0.936319
17.700000 93.015266 27.177767 1.992245 0.004792 -0.018942 0.352120 0.935751
17.800000 93.436077 27.552490 2.003132 0.005033 -0.019210 0.353050 0.935394
17.900000 93.853129 27.930665 2.034530 0.005363 -0.018692 0.359985 0.932756
18.000000 94.260891 28.323122 2.055404 0.004910 -0.018873 0.365992 0.930413
18.100000 94.665263 28.714205 2.070729 0.004563 -0.019214 0.365590 0.930567
18.200000 95.074189 29.098171 2.098242 0.004706 -0.018913 0.368306 0.929500
18.300000 95.481189 29.490621 2.117193 0.004671 -0.018990 0.371018 0.928420
18.400000 95.886919 29.885010 2.132909 0.004631 -0.019171 0.372034 0.928009
18.500000 96.292390 30.277663 2.152654 0.004693 -0.019169 0.373682 0.927347
18.600000 96.695439 30.671961 2.168916 0.004779 -0.019285 0.375169 0.926744
18.700000 97.096645 31.066328 2.183388 0.004958 -0.019458 0.376166 0.926335
18.800000 97.493586 31.464014 2.218869 0.005194 -0.018822 0.383160 0.923475
18.900000 97.880647 31.876476 2.240347 0.004797 -0.018979 0.389232 0.920932
19.000000 98.264676 32.287356 2.255910 0.004470 -0.019321 0.388695 0.921153
19.100000 98.654637 32.691748 2.280233 0.004737 -0.019072 0.391284 0.920060
19.200000 99.042089 33.104099 2.299163 0.004709 -0.019149 0.393987 0.918904
19.300000 99.428036 33.518777 2.310481 0.004802 -0.019446 0.394932 0.918492
19.400000 99.813570 33.931141 2.328346 0.004969 -0.019486 0.396504 0.917813
19.500000 100.196662 34.344584 2.343996 0.005066 -0.019650 0.397952 0.917182
19.600000 100.577733 34.757948 2.359324 0.005219 -0.019811 0.398902 0.916765
19.700000 100.958010 35.170802 2.378497 0.005313 -0.019863 0.399938 0.916311
19.800000 101.334137 35.589331 2.415609 0.005523 -0.019176 0.407134 0.913150
19.900000 101.699691 36.022954 2.437260 0.005064 -0.019362 0.413447 0.910308
20.000000 102.061985 36.454072 2.452902 0.004627 -0.019757 0.412676 0.910652
20.100000 102.430282 36.877429 2.480776 0.004830 -0.019401 0.415012 0.909596
20.200000 102.795410 37.308538 2.499840 0.004837 -0.019467 0.417820 0.908308
20.300000 103.158480 37.742110 2.511948 0.004931 -0.019754 0.418667 0.907912
20.400000 103.521773 38.173188 2.531370 0.005049 -0.019772 0.420165 0.907218
20.500000 103.883081 38.606184 2.546231 0.005195 -0.019936 0.421617 0.906540
20.600000 104.242775 39.039267 2.561366 0.005315 -0.020126 0.422516 0.906116
20.700000 104.598020 39.475651 2.596053 0.005560 -0.019502 0.429238 0.902964
20.800000 104.941938 39.924754 2.619555 0.005114 -0.019643 0.435055 0.900175
20.900000 105.283060 40.371998 2.634733 0.004767 -0.020052 0.434663 0.900357
21.000000 105.629695 40.813819 2.658714 0.005045 -0.019824 0.437293 0.899087
21.100000 105.973362 41.263724 2.673067 0.005156 -0.020031 0.439914 0.897802
21.200000 106.315277 41.715427 2.684670 0.005287 -0.020327 0.440894 0.897313
21.300000 106.657189 42.165037 2.702112 0.005483 -0.020390 0.442484 0.896528
21.400000 106.996484 42.615672 2.717788 0.005627 -0.020557 0.443920 0.895813
21.500000 107.333968 43.066197 2.730651 0.005876 -0.020777 0.444878 0.895331
21.600000 107.670581 43.516133 2.746965 0.006110 -0.020910 0.445925 0.894805
21.700000 108.002091 43.970382 2.785157 0.006255 -0.020226 0.452981 0.891269
21.800000 108.321348 44.438832 2.807895 0.005862 -0.020417 0.459169 0.888095
21.900000 108.637939 44.904496 2.825071 0.005416 -0.020840 0.458439 0.888465
22.000000 108.961219 45.363165 2.853539 0.005624 -0.020503 0.460753 0.887274
22.100000 109.280882 45.829677 2.870689 0.005676 -0.020672 0.463513 0.885831
22.200000 109.598059 46.297946 2.884757 0.005726 -0.020943 0.464360 0.885380
22.300000 109.915561 46.764225 2.903090 0.005948 -0.020992 0.465842 0.884599
22.400000 110.230793 47.231700 2.920084 0.006093 -0.021134 0.467283 0.883834
22.500000 110.544378 47.699272 2.935467 0.006265 -0.021339 0.468179 0.883354
22.600000 110.853054 48.169462 2.970965 0.006463 -0.020722 0.474746 0.879855
22.700000 111.149422 48.651312 2.994914 0.006002 -0.020928 0.480423 0.876766
22.800000 111.443086 49.131125 3.011584 0.005703 -0.021345 0.480043 0.876967
22.900000 111.743016 49.605880 3.037093 0.005942 -0.021084 0.482617 0.875558
23.000000 112.039132 50.088624 3.051561 0.006054 -0.021317 0.485182 0.874133
23.100000 112.333121 50.572163 3.069164 0.006084 -0.021505 0.486148 0.873590
23.200000 112.627203 51.054418 3.086852 0.006321 -0.021571 0.487705 0.872719
23.300000 112.918761 51.537657 3.100762 0.006543 -0.021788 0.489110 0.871925
23.400000 113.208422 52.020263 3.115482 0.006814 -0.021979 0.490057 0.871386
23.500000 113.492964 52.504566 3.152916 0.006913 -0.021361 0.496641 0.867666
23.600000 113.764555 53.001070 3.174103 0.006520 -0.021659 0.502343 0.864373
23.700000 114.033770 53.495261 3.192089 0.006184 -0.022076 0.501828 0.864664
23.800000 114.310060 53.983973 3.220471 0.006330 -0.021802 0.504262 0.863252
23.900000 114.582085 54.481042 3.235373 0.006466 -0.022059 0.506795 0.861760
24.000000 114.851841 54.978524 3.254002 0.006439 -0.022273 0.507678 0.861235
24.100000 115.121753 55.474268 3.273749 0.006616 -0.022319 0.509155 0.860360
24.200000 115.388934 55.970527 3.291760 0.006753 -0.022466 0.510521 0.859545
24.300000 115.654607 56.466595 3.305738 0.006969 -0.022724 0.511406 0.859011
24.400000 115.919653 56.961907 3.324177 0.007125 -0.022875 0.512381 0.858424
24.500000 116.178840 57.461158 3.363037 0.007246 -0.022190 0.519141 0.854370
24.600000 116.423919 57.972799 3.385702 0.006896 -0.022452 0.525056 0.850744
24.700000 116.666375 58.481142 3.405348 0.006554 -0.022877 0.524304 0.851198
24.800000 116.916931 58.983570 3.431943 0.006798 -0.022611 0.526480 0.849860
24.900000 117.162515 59.492471 3.452270 0.006831 -0.022736 0.529113 0.848219
25.000000 117.405416 60.001931 3.475443 0.006691 -0.022887 0.529895 0.847728
25.100000 117.649182 60.510350 3.496182 0.006829 -0.022926 0.531291 0.846852
25.200000 117.890566 61.019484 3.517147 0.006852 -0.023046 0.532656 0.845990
25.300000 118.130298 61.528258 3.538591 0.006850 -0.023179 0.533493 0.845459
25.400000 118.364818 62.039595 3.575589 0.007008 -0.022510 0.539774 0.841480
25.500000 118.585292 62.560675 3.599538 0.006609 -0.022758 0.545180 0.837984
25.600000 118.803372 63.079064 3.617169 0.006354 -0.023222 0.544801 0.838220
25.700000 119.028195 63.593314 3.645400 0.006574 -0.022900 0.547260 0.836624
25.800000 119.248096 64.113941 3.669229 0.006498 -0.022972 0.549700 0.835021
25.900000 119.465844 64.635591 3.691579 0.006435 -0.023082 0.550616 0.834415
26.000000 119.684100 65.156064 3.713999 0.006542 -0.023071 0.552094 0.833437
26.100000 119.899653 65.676596 3.736002 0.006535 -0.023155 0.553430 0.832548
26.200000 120.113534 66.196162 3.758020 0.006548 -0.023246 0.554326 0.831949
26.300000 120.321444 66.717391 3.800641 0.006584 -0.022406 0.560623 0.827742
26.400000 120.515002 67.248815 3.824554 0.006225 -0.022636 0.566055 0.824033
26.500000 120.706114 67.777823 3.841984 0.006012 -0.023073 0.565535 0.824379
26.600000 120.905645 68.302651 3.870594 0.006199 -0.022734 0.567870 0.822781
26.700000 121.099776 68.833890 3.893127 0.006159 -0.022807 0.570291 0.821103
26.800000 121.291359 69.365771 3.915807 0.006071 -0.022930 0.571131 0.820516
26.900000 121.483538 69.896455 3.936063 0.006261 -0.022929 0.572540 0.819532
27.000000 121.672839 70.426775 3.957117 0.006356 -0.022967 0.573836 0.818624
27.100000 121.861153 70.957916 3.964627 0.006760 -0.023354 0.574676 0.818020
27.200000 122.048632 71.487519 3.982134 0.006975 -0.023481 0.575602 0.817363
27.300000 122.229653 72.019804 4.023640 0.006991 -0.022682 0.582040 0.812813
27.400000 122.395158 72.562437 4.046141 0.006615 -0.023005 0.587643 0.808766
27.500000 122.558361 73.101464 4.065139 0.006265 -0.023518 0.586918 0.809280
27.600000 122.730949 73.637059 4.082833 0.006760 -0.023397 0.589013 0.807756
27.700000 122.897174 74.176424 4.108121 0.006691 -0.023425 0.591512 0.805928
27.800000 123.060211 74.716677 4.130603 0.006620 -0.023543 0.592251 0.805383
27.900000 123.224918 75.257150 4.143117 0.007003 -0.023744 0.593577 0.804396
28.000000 123.386834 75.796355 4.167835 0.006955 -0.023801 0.594868 0.803441
28.100000 123.547128 76.335336 4.190371 0.007016 -0.023858 0.595670 0.802844
28.200000 123.702212 76.877441 4.217111 0.007415 -0.023374 0.601644 0.798388
28.300000 123.841536 77.425508 4.244196 0.007000 -0.023576 0.606778 0.794491
28.400000 123.978556 77.971038 4.263642 0.006785 -0.023997 0.606388 0.794778
28.500000 124.124267 78.514092 4.283869 0.007185 -0.023815 0.608738 0.792981
28.600000 124.263659 79.061685 4.308352 0.007065 -0.023903 0.611061 0.791191
28.700000 124.400749 79.610069 4.331669 0.006908 -0.024099 0.611909 0.790530
28.800000 124.538708 80.159474 4.339560 0.007427 -0.024381 0.613317 0.789426
28.900000 124.673566 80.705865 4.366947 0.007300 -0.024410 0.614577 0.788445
29.000000 124.806759 81.251715 4.390137 0.007348 -0.024468 0.615424 0.787782
29.100000 124.935203 81.800381 4.414488 0.007766 -0.024039 0.621414 0.783075
29.200000 125.046498 82.354994 4.438416 0.007500 -0.024265 0.626559 0.778960
29.300000 125.156213 82.906528 4.460803 0.007173 -0.024727 0.626060 0.779350
29.400000 125.275424 83.458442 4.466414 0.007935 -0.024896 0.628269 0.777557
29.500000 125.387469 84.012656 4.491874 0.007842 -0.024998 0.630551 0.775706
29.600000 125.496759 84.567181 4.518268 0.007712 -0.025118 0.631337 0.775063
29.700000 125.607457 85.122321 4.528305 0.008167 -0.025396 0.632666 0.773965
29.800000 125.715216 85.675111 4.551019 0.008214 -0.025516 0.633890 0.772958
29.900000 125.821391 86.227227 4.570421 0.008329 -0.025736 0.634676 0.772305
30.000000 125.927386 86.779451 4.586599 0.008628 -0.025966 0.635545 0.771579
30.100000 126.027569 87.336379 4.601457 0.009274 -0.025819 0.641639 0.766516
30.200000 126.109198 87.897496 4.628534 0.008977 -0.026069 0.646927 0.762053
30.300000 126.188957 88.455038 4.653564 0.008588 -0.026623 0.646209 0.762648
30.400000 126.279120 89.009695 4.678619 0.008888 -0.026461 0.648186 0.760970
30.500000 126.362397 89.568125 4.704714 0.008873 -0.026543 0.650545 0.758952
30.600000 126.442407 90.126595 4.732252 0.008719 -0.026716 0.651233 0.758357
30.700000 126.524006 90.684479 4.755908 0.008871 -0.026759 0.652486 0.757276
30.800000 126.603209 91.243036 4.774850 0.009037 -0.027003 0.653694 0.756223
30.900000 126.680941 91.800856 4.793827 0.009194 -0.027286 0.654446 0.755561
31.000000 126.753438 92.361231 4.813104 0.009735 -0.027068 0.660095 0.750631
31.100000 126.808444 92.924259 4.841628 0.009419 -0.027337 0.664932 0.746344
31.200000 126.861945 93.483823 4.867753 0.009105 -0.027821 0.664539 0.746680
31.300000 126.924614 94.044076 4.880704 0.009694 -0.027956 0.666728 0.744714
31.400000 126.979783 94.606462 4.908571 0.009662 -0.028056 0.668912 0.742749
31.500000 127.032412 95.168693 4.939512 0.009492 -0.028176 0.669699 0.742037
31.600000 127.086705 95.732998 4.948503 0.010006 -0.028595 0.671008 0.740831
31.700000 127.137637 96.293959 4.975983 0.010004 -0.028729 0.672183 0.739759
31.800000 127.187620 96.854723 4.995388 0.010206 -0.029043 0.672967 0.739031
31.900000 127.237260 97.414646 5.016622 0.010367 -0.029332 0.673819 0.738241
32.000000 127.279794 97.978903 5.033314 0.011057 -0.029129 0.679669 0.732857
32.100000 127.304316 98.545265 5.061925 0.010679 -0.029518 0.684731 0.728119
32.200000 127.327521 99.107574 5.090244 0.010290 -0.030112 0.684031 0.728759
32.300000 127.361238 99.669627 5.110582 0.010764 -0.030136 0.685916 0.726977
32.400000 127.387572 100.235209 5.129829 0.010960 -0.030498 0.688173 0.724822
32.500000 127.410548 100.799073 5.160237 0.010804 -0.030744 0.688814 0.724205
32.600000 127.435373 101.363268 5.181618 0.011118 -0.030925 0.690017 0.723047
32.700000 127.458123 101.929240 5.188946 0.011631 -0.031572 0.691172 0.721907
32.800000 127.479116 102.492780 5.206435 0.011911 -0.032034 0.691881 0.721202
32.900000 127.494333 103.057433 5.231687 0.012417 -0.031763 0.697284 0.715983
33.000000 127.492405 103.622659 5.266480 0.011895 -0.032164 0.701877 0.711473
33.100000 127.490816 104.183260 5.298079 0.011533 -0.032767 0.699901 0.713395
33.200000 127.503513 104.743520 5.323046 0.012007 -0.032708 0.700734 0.712572
33.300000 127.509799 105.307562 5.348697 0.012130 -0.032982 0.702424 0.710891
33.400001 127.512633 105.871495 5.379198 0.012050 -0.033303 0.702307 0.710993
33.500000 127.518994 106.436688 5.397635 0.012438 -0.033704 0.702872 0.710409
33.600000 127.522888 107.000747 5.421404 0.012663 -0.034038 0.703556 0.709712
33.700001 127.525577 107.562989 5.448378 0.012856 -0.034287 0.703774 0.709479
33.800000 127.525914 108.125893 5.476214 0.013182 -0.034283 0.706836 0.706423
33.900001 127.518520 108.688484 5.506163 0.012972 -0.034840 0.707357 0.705878
34.000000 127.516190 109.251899 5.517413 0.013571 -0.035511 0.706771 0.706421
34.100000 127.515993 109.815731 5.535389 0.014102 -0.035931 0.707755 0.705402
34.200001 127.511527 110.379242 5.566783 0.014177 -0.036209 0.708058 0.705083
34.300000 127.507787 110.942425 5.599170 0.014331 -0.036379 0.708121 0.705008
34.400001 127.504387 111.505680 5.628663 0.014542 -0.036625 0.708524 0.704586
34.500000 127.500114 112.068910 5.653296 0.014843 -0.037061 0.708714 0.704365
34.600000 127.495929 112.630842 5.680401 0.015118 -0.037428 0.708838 0.704215
34.700001 127.489597 113.191745 5.717997 0.015258 -0.037428 0.710296 0.702742
34.800000 127.480961 113.757177 5.730756 0.015719 -0.038323 0.710246 0.702734
34.900001 127.474576 114.319573 5.759636 0.016059 -0.038618 0.710118 0.702839
35.000000 127.468003 114.881177 5.797867 0.016176 -0.038691 0.710571 0.702375
35.100000 127.459788 115.442089 5.841912 0.016102 -0.038714 0.710645 0.702300
35.200001 127.452955 116.005577 5.867706 0.016452 -0.039151 0.710701 0.702211
35.300000 127.445574 116.567398 5.901103 0.016642 -0.039433 0.710880 0.702010
35.400001 127.437885 117.128981 5.934183 0.016834 -0.039751 0.710921 0.701946
35.500000 127.430187 117.691204 5.963620 0.017190 -0.040090 0.711033 0.701805
35.600000 127.421996 118.254750 5.989457 0.017616 -0.040554 0.711563 0.701230
35.700001 127.412364 118.817956 6.019186 0.017906 -0.041011 0.711534 0.701225
35.800000 127.403816 119.380869 6.049706 0.018289 -0.041371 0.711488 0.701241
35.900001 127.395280 119.943556 6.082000 0.018620 -0.041702 0.711640 0.701058
36.000000 127.385836 120.503852 6.126728 0.018634 -0.041788 0.711704 0.700987
36.100000 127.377041 121.066239 6.158322 0.018965 -0.042196 0.711681 0.700978
36.200001 127.368258 121.628588 6.190230 0.019308 -0.042594 0.711797 0.700826
36.300000 127.358998 122.191044 6.222646 0.019670 -0.042992 0.711780 0.700809
36.400001 127.349571 122.751584 6.266752 0.019804 -0.043090 0.711869 0.700710
36.500000 127.340130 123.314028 6.301959 0.020106 -0.043460 0.711997 0.700548
36.600000 127.330254 123.875123 6.344593 0.020219 -0.043685 0.712021 0.700506
36.700001 127.320758 124.438449 6.374157 0.020734 -0.044121 0.711976 0.700509
36.800000 127.311248 124.998678 6.420439 0.020786 -0.044301 0.712052 0.700420
36.900001 127.301295 125.558905 6.466526 0.020838 -0.044471 0.712105 0.700353
37.000000 127.291566 126.120356 6.505627 0.021097 -0.044784 0.711992 0.700440
37.100000 127.281986 126.682025 6.544651 0.021414 -0.045068 0.712106 0.700297
37.200001 127.271721 127.243121 6.587342 0.021638 -0.045262 0.712052 0.700332
37.300000 127.262322 127.805573 6.623333 0.021990 -0.045683 0.712078 0.700267
37.400001 127.252234 128.367690 6.661901 0.022325 -0.046016 0.712218 0.700092
37.500000 127.241539 128.926811 6.716060 0.022255 -0.046076 0.712238 0.700071
37.600000 127.231371 129.488482 6.755704 0.022589 -0.046397 0.712134 0.700145
37.700001 127.221567 130.050326 6.794933 0.022929 -0.046763 0.712181 0.700061
37.800000 127.211707 130.613508 6.827863 0.023410 -0.047294 0.712133 0.700058
37.900001 127.202074 131.176302 6.863456 0.023841 -0.047793 0.712077 0.700067
38.000000 127.192317 131.739354 6.898497 0.024340 -0.048302 0.712052 0.700040
38.100000 127.182078 132.300074 6.946178 0.024512 -0.048564 0.712142 0.699925
38.200001 127.171485 132.860531 6.995073 0.024687 -0.048762 0.712109 0.699939
38.300000 127.161617 133.422609 7.035365 0.025092 -0.049169 0.712057 0.699949
38.400001 127.151291 133.982716 7.085942 0.025245 -0.049348 0.712150 0.699836
38.500000 127.140420 134.541552 7.143357 0.025256 -0.049397 0.712123 0.699860
38.600000 127.130509 135.104941 7.177972 0.025808 -0.049962 0.712061 0.699862
38.700001 127.119928 135.664366 7.232702 0.025910 -0.050062 0.712052 0.699860
38.800000 127.109731 136.225215 7.280989 0.026126 -0.050383 0.712035 0.699847
38.900001 127.099550 136.785890 7.330135 0.026333 -0.050676 0.712021 0.699832
39.000000 127.089590 137.348876 7.368362 0.026836 -0.051234 0.711996 0.699797
39.100000 127.079607 137.912266 7.405016 0.027398 -0.051830 0.711969 0.699760
39.200001 127.069621 138.474912 7.445900 0.027853 -0.052384 0.711939 0.699730
39.300000 127.059228 139.034910 7.499767 0.028068 -0.052595 0.711931 0.699714
39.400001 127.048820 139.595243 7.552481 0.028298 -0.052872 0.711916 0.699699
39.500000 127.038226 140.153682 7.614306 0.028310 -0.052944 0.711913 0.699697
39.600000 127.027929 140.713857 7.668109 0.028506 -0.053240 0.711897 0.699683
39.700001 127.017675 141.275863 7.713394 0.028938 -0.053701 0.711873 0.699654
39.800000 127.007284 141.836666 7.764498 0.029237 -0.054029 0.711857 0.699632
39.900001 126.997026 142.397870 7.814132 0.029569 -0.054435 0.711835 0.699610
40.000000 126.986474 142.958356 7.867365 0.029874 -0.054714 0.711822 0.699588
40.100000 126.976185 143.519794 7.916879 0.030258 -0.055158 0.711799 0.699560
40.200001 126.966373 144.084091 7.953670 0.030948 -0.055912 0.711763 0.699506
40.300000 126.956020 144.645155 8.005527 0.031302 -0.056318 0.711741 0.699481
40.400001 126.945185 145.204577 8.065605 0.031508 -0.056516 0.711835 0.699360
40.500000 126.934798 145.767329 8.110835 0.032017 -0.057139 0.711777 0.699345
40.600000 126.924214 146.328300 8.163821 0.032423 -0.057507 0.711721 0.699353
40.700001 126.913932 146.889120 8.218282 0.032750 -0.057953 0.711688 0.699335
40.800000 126.903564 147.450556 8.270172 0.033158 -0.058429 0.711659 0.699305
40.900001 126.892724 148.007941 8.340574 0.033154 -0.058500 0.711653 0.699306
41.000000 126.881707 148.564634 8.414053 0.033111 -0.058469 0.711655 0.699308
41.100000 126.871072 149.123710 8.476990 0.033289 -0.058718 0.711639 0.699295
41.200001 126.860092 149.681934 8.544082 0.033384 -0.058857 0.711736 0.699181
41.300000 126.849028 150.239961 8.611396 0.033477 -0.058979 0.711558 0.699346
41.400001 126.838674 150.800237 8.669269 0.033799 -0.059335 0.711679 0.699178
41.500000 126.827477 151.358229 8.737882 0.033863 -0.059482 0.711686 0.699155
41.600000 126.816684 151.917110 8.802212 0.034034 -0.059746 0.711620 0.699192
41.700001 126.805796 152.476068 8.866715 0.034219 -0.059992 0.711704 0.699077
41.800000 126.795174 153.039018 8.914091 0.034829 -0.060636 0.711644 0.699052
41.900001 126.784476 153.597834 8.979210 0.035038 -0.060899 0.711485 0.699180
42.000000 126.773895 154.157636 9.040655 0.035361 -0.061222 0.711588 0.699030
42.100000 126.762511 154.716017 9.108664 0.035533 -0.061398 0.711592 0.699003
42.200001 126.751598 155.274729 9.174909 0.035766 -0.061647 0.711438 0.699125
42.300000 126.741145 155.833893 9.239360 0.036039 -0.061948 0.711437 0.699086
42.400001 126.730343 156.392933 9.305174 0.036266 -0.062248 0.711457 0.699027
42.500000 126.719427 156.952143 9.370206 0.036531 -0.062551 0.711442 0.699002
42.600000 126.708170 157.509208 9.444383 0.036620 -0.062601 0.711440 0.698994
42.700001 126.697245 158.067976 9.511718 0.036856 -0.062875 0.711422 0.698975
42.800000 126.686515 158.627339 9.576444 0.037175 -0.063217 0.711297 0.699055
42.900001 126.675733 159.184428 9.650911 0.037261 -0.063336 0.711311 0.699025
43.000000 126.664767 159.742745 9.720698 0.037479 -0.063550 0.711337 0.698968
43.100000 126.653897 160.301674 9.788033 0.037729 -0.063861 0.711320 0.698944
43.200001 126.643306 160.860642 9.855414 0.037957 -0.064230 0.711293 0.698925
43.300000 126.632472 161.419471 9.923526 0.038227 -0.064527 0.711273 0.698903
43.400001 126.621544 161.977363 9.995621 0.038405 -0.064741 0.711259 0.698888
43.500000 126.610896 162.537989 10.056944 0.038854 -0.065243 0.711224 0.698852
43.600000 126.600225 163.097653 10.122231 0.039196 -0.065645 0.711197 0.698822
43.700001 126.589449 163.658921 10.181460 0.039763 -0.066150 0.711166 0.698774
43.800000 126.578480 164.216435 10.256287 0.039940 -0.066359 0.711152 0.698759
43.900001 126.567826 164.776094 10.322739 0.040288 -0.066827 0.711117 0.698730
44.000000 126.556778 165.333238 10.399372 0.040436 -0.067019 0.711102 0.698718
44.100000 126.545786 165.891088 10.473284 0.040640 -0.067293 0.711080 0.698702
44.200001 126.535092 166.449807 10.544017 0.040879 -0.067695 0.711047 0.698683
44.300000 126.524061 167.008776 10.614058 0.041255 -0.068039 0.711023 0.698652
44.400001 126.512914 167.564676 10.696592 0.041302 -0.068163 0.711011 0.698650
44.500000 126.501954 168.123860 10.765927 0.041703 -0.068522 0.710988 0.698614
44.600000 126.491566 168.685986 10.824396 0.042334 -0.069225 0.710939 0.698557
44.700001 126.480586 169.243225 10.902586 0.042521 -0.069506 0.710917 0.698540
44.800000 126.469356 169.800596 10.980315 0.042790 -0.069737 0.710902 0.698516
44.900001 126.458272 170.358112 11.057622 0.043024 -0.070030 0.710878 0.698497
45.000000 126.447032 170.914148 11.140900 0.043149 -0.070179 0.710867 0.698485
45.100000 126.436088 171.471381 11.219556 0.043350 -0.070471 0.710844 0.698466
45.200001 126.424836 172.027507 11.302670 0.043492 -0.070632 0.710832 0.698454
45.300000 126.413828 172.584695 11.381929 0.043708 -0.070934 0.710807 0.698435
45.400001 126.402792 173.143478 11.455105 0.044104 -0.071327 0.710778 0.698400
45.500000 126.391672 173.700210 11.536440 0.044293 -0.071592 0.710756 0.698383
45.600000 126.380792 174.258934 11.610497 0.044656 -0.072052 0.710717 0.698353
45.700001 126.369967 174.817532 11.685215 0.045003 -0.072504 0.710680 0.698321
45.800000 126.358858 175.376609 11.758833 0.045433 -0.072977 0.710749 0.698174
45.900001 126.347703 175.938083 11.823663 0.046109 -0.073630 0.710677 0.698134
46.000000 126.336530 176.496057 11.901661 0.046484 -0.074015 0.710610 0.698137
46.100000 126.324910 177.050907 11.991902 0.046574 -0.074133 0.710699 0.698027
46.200001 126.313424 177.608155 12.073216 0.046847 -0.074489 0.710647 0.698024
46.300000 126.302039 178.165575 12.153872 0.047198 -0.074826 0.710583 0.698030
46.400001 126.290744 178.723213 12.234066 0.047561 -0.075204 0.710549 0.697999
46.500000 126.279542 179.280851 12.314839 0.047918 -0.075623 0.710514 0.697965
46.600000 126.268272 179.838144 12.396775 0.048230 -0.075995 0.710483 0.697934
46.700001 126.256988 180.395169 12.479999 0.048574 -0.076356 0.710349 0.698008
46.800000 126.245834 180.951845 12.564941 0.048862 -0.076691 0.710447 0.697851
46.900001 126.234083 181.508096 12.651910 0.049108 -0.077011 0.710434 0.697812
47.000000 126.222917 182.067948 12.725730 0.049704 -0.077616 0.710352 0.697786
47.100000 126.211300 182.623879 12.814208 0.050019 -0.077884 0.710327 0.697759
47.200001 126.199689 183.178368 12.908091 0.050153 -0.078085 0.710309 0.697745
47.300000 126.188115 183.733049 13.001146 0.050304 -0.078290 0.710292 0.697729
47.400001 126.176865 184.289375 13.088183 0.050625 -0.078635 0.710114 0.697848
47.500000 126.165706 184.845093 13.177910 0.050873 -0.078935 0.710222 0.697686
47.600000 126.154357 185.403412 13.258930 0.051344 -0.079473 0.710101 0.697714
47.700001 126.142724 185.958401 13.351910 0.051613 -0.079679 0.710181 0.697589
47.800000 126.130775 186.511375 13.452154 0.051658 -0.079776 0.710184 0.697571
47.900001 126.119299 187.066866 13.543228 0.051966 -0.080067 0.710021 0.697681
48.000000 126.108013 187.622665 13.633661 0.052272 -0.080381 0.710116 0.697526
48.100000 126.096240 188.178380 13.725029 0.052555 -0.080731 0.710098 0.697482
48.200001 126.084462 188.734393 13.815134 0.052942 -0.081037 0.710039 0.697477
48.300000 126.072795 189.288922 13.910487 0.053190 -0.081266 0.710018 0.697453
48.400001 126.061230 189.844647 14.002109 0.053518 -0.081628 0.709985 0.697420
48.500000 126.049515 190.399997 14.095056 0.053901 -0.081918 0.709856 0.697488
48.600000 126.038024 190.952994 14.196217 0.054035 -0.082053 0.709868 0.697449
48.700001 126.025881 191.505666 14.299018 0.054146 -0.082123 0.710005 0.697292
48.800000 126.014075 192.061911 14.389310 0.054534 -0.082517 0.709846 0.697378
48.900001 126.002760 192.617190 14.482777 0.054924 -0.082812 0.709702 0.697458
49.000000 125.991748 193.171470 14.579815 0.055167 -0.083089 0.709627 0.697483
49.100000 125.980413 193.726654 14.674557 0.055508 -0.083417 0.709660 0.697383
49.200001 125.968749 194.281837 14.769675 0.055838 -0.083750 0.709671 0.697306
49.300000 125.957044 194.837072 14.864803 0.056216 -0.084082 0.709646 0.697260
49.400001 125.945578 195.392559 14.959136 0.056634 -0.084458 0.709507 0.697323
49.500000 125.934134 195.944713 15.064717 0.056773 -0.084591 0.709517 0.697285
49.600000 125.922289 196.499934 15.160670 0.057156 -0.084924 0.709628 0.697101
49.700001 125.910399 197.056345 15.253021 0.057649 -0.085390 0.709565 0.697067
49.800000 125.901231 197.611480 15.346183 0.058183 -0.085848 0.708053 0.698503
49.900001 125.893691 198.161471 15.457000 0.058388 -0.085716 0.708374 0.698176
50.000000 125.883082 198.714960 15.558956 0.058651 -0.085983 0.708473 0.698021
50.100000 125.873249 199.267866 15.661537 0.058950 -0.086240 0.708035 0.698408
50.200001 125.864185 199.820388 15.766606 0.059200 -0.086428 0.708135 0.698262
50.300000 125.854476 200.376363 15.862294 0.059686 -0.086870 0.708042 0.698260
50.400001 125.845030 200.928754 15.969518 0.059912 -0.087045 0.707852 0.698412
50.500001 125.835821 201.478926 16.083721 0.059945 -0.087065 0.707851 0.698407
50.600001 125.826115 202.029406 16.196707 0.059992 -0.087125 0.707904 0.698342
50.700001 125.820655 202.584511 16.289264 0.060611 -0.087715 0.705560 0.700583
50.800001 125.818621 203.133408 16.401296 0.060968 -0.087568 0.705633 0.700498
50.900001 125.812073 203.685252 16.508646 0.061145 -0.087815 0.706129 0.699951
51.000001 125.805307 204.237696 16.613813 0.061429 -0.088127 0.705472 0.700549
51.100001 125.800644 204.790302 16.720011 0.061766 -0.088350 0.705431 0.700533
51.200001 125.794927 205.343658 16.827123 0.062026 -0.088639 0.705445 0.700459
51.300001 125.789273 205.897719 16.931816 0.062401 -0.088954 0.705207 0.700625
51.400001 125.784161 206.448843 17.044424 0.062535 -0.089108 0.705154 0.700647
51.500001 125.778765 207.000856 17.152978 0.062840 -0.089319 0.705036 0.700713
51.600001 125.777551 207.553035 17.255106 0.063328 -0.089744 0.702702 0.702954
51.700001 125.779706 208.102461 17.365901 0.063827 -0.089686 0.702723 0.702896
51.800001 125.777775 208.654990 17.472854 0.064076 -0.090081 0.703138 0.702408
51.900001 125.775606 209.208358 17.577444 0.064441 -0.090516 0.702455 0.703002
52.000001 125.775332 209.760622 17.687011 0.064793 -0.090747 0.702372 0.703022
52.100001 125.774143 210.313127 17.798468 0.065037 -0.091022 0.702361 0.702976
52.200001 125.773103 210.865055 17.911014 0.065266 -0.091287 0.702099 0.703182
52.300001 125.772580 211.417567 18.020245 0.065634 -0.091579 0.702004 0.703204
52.400001 125.771878 211.968525 18.133400 0.065866 -0.091856 0.701936 0.703214
52.500001 125.773267 212.519591 18.243008 0.066263 -0.092196 0.700545 0.704519
52.600001 125.776757 213.070071 18.355331 0.066686 -0.092360 0.700594 0.704407
52.700001 125.777677 213.622010 18.467294 0.066978 -0.092672 0.700768 0.704166
52.800001 125.778618 214.172397 18.584311 0.067178 -0.092895 0.700349 0.704534
52.900001 125.780720 214.723549 18.699462 0.067425 -0.093154 0.700329 0.704497
53.000001 125.782037 215.274384 18.816261 0.067644 -0.093370 0.700271 0.704505
53.100001 125.783686 215.824569 18.934050 0.067876 -0.093574 0.700070 0.704655
53.200001 125.785813 216.378693 19.039455 0.068443 -0.094045 0.700001 0.704607
53.300001 125.787645 216.930697 19.151478 0.068844 -0.094409 0.699920 0.704598
53.400001 125.790372 217.481067 19.267472 0.069177 -0.094683 0.699271 0.705174
53.500001 125.794104 218.030886 19.386069 0.069464 -0.094875 0.699286 0.705104
53.600001 125.796630 218.581912 19.502990 0.069735 -0.095179 0.699314 0.705010
53.700001 125.799057 219.130870 19.626103 0.069897 -0.095351 0.699151 0.705131
53.800001 125.802160 219.682321 19.741517 0.070282 -0.095674 0.699037 0.705162
53.900001 125.805063 220.232765 19.859908 0.070608 -0.095923 0.699009 0.705124
54.000001 125.808124 220.785035 19.972978 0.071077 -0.096343 0.698870 0.705157
54.100001 125.811007 221.334212 20.095535 0.071287 -0.096582 0.698970 0.705005
54.200001 125.813785 221.884305 20.215483 0.071565 -0.096887 0.698789 0.705113
54.300001 125.817351 222.435460 20.332107 0.072015 -0.097220 0.698496 0.705313
54.400001 125.821020 222.983867 20.457505 0.072206 -0.097422 0.698518 0.705244
54.500001 125.824025 223.533713 20.579299 0.072502 -0.097682 0.698527 0.705168
54.600001 125.827079 224.082220 20.704675 0.072722 -0.097877 0.698394 0.705250
54.700001 125.830692 224.632675 20.824191 0.073098 -0.098220 0.698285 0.705271
54.800001 125.834189 225.182229 20.946574 0.073421 -0.098485 0.698252 0.705234
54.900001 125.837328 225.729159 21.077019 0.073527 -0.098611 0.698319 0.705139
55.000001 125.840677 226.278246 21.201187 0.073792 -0.098889 0.698146 0.705243
55.100001 125.844330 226.827583 21.324973 0.074100 -0.099186 0.698153 0.705162
55.200001 125.847611 227.376274 21.450852 0.074375 -0.099413 0.698088 0.705166
55.300001 125.851283 227.926102 21.573516 0.074744 -0.099752 0.697971 0.705195
55.400001 125.855084 228.475487 21.697491 0.075085 -0.100076 0.697887 0.705196
55.500001 125.858924 229.026850 21.816323 0.075547 -0.100546 0.697893 0.705073
55.600001 125.862233 229.575132 21.944133 0.075791 -0.100814 0.697901 0.705001
55.700001 125.865783 230.125048 22.067308 0.076195 -0.101178 0.697755 0.705050
55.800001 125.869392 230.673200 22.195531 0.076492 -0.101419 0.697750 0.704988
55.900001 125.872897 231.223126 22.319423 0.076888 -0.101811 0.697738 0.704900
56.000001 125.876342 231.772393 22.444984 0.077291 -0.102125 0.697600 0.704948
56.100001 125.880029 232.321947 22.569948 0.077729 -0.102473 0.697579 0.704869
56.200001 125.883637 232.871028 22.696491 0.078127 -0.102820 0.697468 0.704884
56.300001 125.887244 233.419101 22.826041 0.078489 -0.103087 0.697463 0.704810
56.400001 125.890695 233.966713 22.957113 0.078796 -0.103338 0.697471 0.704732
56.500001 125.894089 234.512864 23.092362 0.078980 -0.103543 0.697449 0.704703
56.600001 125.897416 235.059885 23.225244 0.079271 -0.103752 0.697423 0.704665
56.700001 125.900837 235.607296 23.357168 0.079651 -0.103980 0.697291 0.704719
56.800001 125.904547 236.155154 23.488058 0.080020 -0.104273 0.697277 0.704648
56.900001 125.907767 236.701094 23.624471 0.080269 -0.104434 0.697296 0.704577
57.000001 125.910968 237.248073 23.758088 0.080593 -0.104658 0.697273 0.704530
57.100001 125.914607 237.795318 23.890924 0.080923 -0.104961 0.697127 0.704591
57.200001 125.918339 238.342970 24.023123 0.081268 -0.105297 0.697212 0.704417
57.300001 125.921386 238.889490 24.158742 0.081564 -0.105541 0.697196 0.704362
57.400001 125.924766 239.436088 24.294042 0.081875 -0.105821 0.697125 0.704354
57.500001 125.928065 239.982263 24.430563 0.082179 -0.106062 0.697090 0.704317
57.600001 125.931663 240.527726 24.568744 0.082422 -0.106282 0.696909 0.704434
57.700001 125.935511 241.072840 24.708034 0.082649 -0.106472 0.696917 0.704372
57.800001 125.938737 241.617907 24.848244 0.082860 -0.106672 0.697051 0.704184
57.900001 125.942153 242.163536 24.986822 0.083103 -0.106971 0.696843 0.704316
58.000001 125.945687 242.708591 25.126820 0.083381 -0.107148 0.696922 0.704178
58.100001 125.948930 243.253566 25.267465 0.083584 -0.107387 0.696915 0.704124
58.200001 125.952358 243.798833 25.406989 0.083872 -0.107611 0.696747 0.704222
58.300001 125.956188 244.344638 25.545225 0.084186 -0.107878 0.696730 0.704160
58.400001 125.959768 244.890482 25.684005 0.084478 -0.108196 0.696724 0.704083
58.500001 125.963048 245.435434 25.825104 0.084752 -0.108416 0.696698 0.704042
58.600001 125.966511 245.979961 25.967414 0.084993 -0.108642 0.696667 0.704009
58.700001 125.970019 246.523925 26.111265 0.085186 -0.108855 0.696637 0.703982
58.800001 125.973155 247.067679 26.255992 0.085387 -0.109030 0.696721 0.703848
58.900001 125.976520 247.613657 26.394603 0.085743 -0.109344 0.696504 0.703970
59.000001 125.980199 248.158444 26.536658 0.086037 -0.109601 0.696569 0.703830
59.100001 125.983591 248.704377 26.675981 0.086383 -0.109957 0.696438 0.703861
59.200001 125.987025 249.247694 26.822254 0.086582 -0.110157 0.696506 0.703738
59.300001 125.990152 249.792067 26.966017 0.086843 -0.110425 0.696480 0.703691
59.400001 125.993399 250.335227 27.112731 0.087052 -0.110606 0.696420 0.703695
59.500001 125.996689 250.880299 27.254859 0.087430 -0.110892 0.696377 0.703646
59.600001 126.000016 251.424308 27.399813 0.087718 -0.111132 0.696344 0.703605
59.700001 126.003487 251.968091 27.545444 0.087969 -0.111400 0.696305 0.703570
59.800001 126.006719 252.512294 27.690057 0.088303 -0.111639 0.696271 0.703524
59.900001 126.010068 253.053699 27.841754 0.088386 -0.111754 0.696253 0.703513
60.000001 126.013444 253.595532 27.992573 0.088493 -0.111886 0.696233 0.703498
60.100001 126.016395 254.136786 28.145139 0.088591 -0.111954 0.696331 0.703379
60.200001 126.019475 254.678403 28.296771 0.088666 -0.112119 0.696282 0.703391
60.300001 126.022875 255.220323 28.447090 0.088848 -0.112234 0.696077 0.703552
60.400001 126.026244 255.761556 28.599881 0.089005 -0.112318 0.696245 0.703353
60.500001 126.029082 256.305611 28.746098 0.089310 -0.112636 0.696220 0.703288
60.600001 126.032225 256.848214 28.895434 0.089538 -0.112851 0.696141 0.703303
60.700001 126.035819 257.390444 29.045602 0.089754 -0.113058 0.695998 0.703383
60.800001 126.039190 257.932661 29.196119 0.090024 -0.113215 0.696000 0.703322
60.900001 126.042476 258.476961 29.341837 0.090373 -0.113548 0.695989 0.703234
61.000001 126.045664 259.020427 29.489623 0.090703 -0.113821 0.695953 0.703183
61.100001 126.048866 259.562679 29.640568 0.090948 -0.114051 0.695919 0.703148
61.200001 126.052162 260.103754 29.794514 0.091122 -0.114221 0.695894 0.703123
61.300001 126.055442 260.645052 29.947989 0.091310 -0.114395 0.695869 0.703095
61.400001 126.058648 261.188257 30.096958 0.091660 -0.114668 0.695829 0.703044
61.500001 126.061931 261.730543 30.248290 0.091934 -0.114911 0.695793 0.703005
61.600001 126.065212 262.272806 30.399773 0.092217 -0.115163 0.695757 0.702962
61.700001 126.068315 262.813130 30.556005 0.092392 -0.115284 0.695739 0.702937
61.800001 126.071397 263.355388 30.707916 0.092662 -0.115550 0.695805 0.702793
61.900001 126.074248 263.897769 30.859601 0.092965 -0.115822 0.695741 0.702771
62.000001 126.077531 264.440430 31.010252 0.093337 -0.116096 0.695556 0.702859
62.100001 126.081102 264.977498 31.174182 0.093228 -0.116126 0.695565 0.702861
62.200001 126.084333 265.515980 31.335504 0.093182 -0.116203 0.695586 0.702832
62.300001 126.087509 266.054846 31.496022 0.093177 -0.116246 0.695582 0.702830
62.400001 126.090763 266.593380 31.657449 0.093163 -0.116303 0.695572 0.702833
62.500001 126.094005 267.130292 31.822638 0.093034 -0.116298 0.695569 0.702854
62.600001 126.097268 267.670767 31.979318 0.093203 -0.116474 0.695542 0.702829
62.700001 126.100371 268.211265 32.135872 0.093408 -0.116636 0.695518 0.702799
62.800001 126.103616 268.752858 32.289770 0.093687 -0.116879 0.695481 0.702758
62.900001 126.106732 269.293783 32.445620 0.093954 -0.117073 0.695452 0.702718
63.000001 126.109884 269.833757 32.603947 0.094147 -0.117237 0.695428 0.702689
63.100001 126.113020 270.373510 32.763034 0.094273 -0.117446 0.695501 0.702565
63.200001 126.115812 270.914956 32.917966 0.094562 -0.117707 0.695438 0.702545
63.300001 126.118990 271.455701 33.074340 0.094820 -0.117938 0.695365 0.702544
63.400001 126.122070 271.995265 33.233660 0.095014 -0.118102 0.695336 0.702518
63.500001 126.125102 272.535823 33.390947 0.095279 -0.118334 0.695300 0.702479
63.600001 126.127931 273.075638 33.550080 0.095525 -0.118492 0.695277 0.702442
63.700001 126.131071 273.616621 33.706370 0.095850 -0.118728 0.695135 0.702499
63.800001 126.134267 274.155936 33.867089 0.096029 -0.118925 0.695233 0.702343
63.900001 126.137064 274.694823 34.028902 0.096172 -0.119102 0.695220 0.702307
64.000001 126.140073 275.234276 34.189053 0.096432 -0.119278 0.695053 0.702406
64.100001 126.143317 275.774256 34.347986 0.096747 -0.119448 0.695049 0.702339
64.200001 126.146303 276.313460 34.509216 0.096963 -0.119636 0.695057 0.702269
64.300001 126.149365 276.854314 34.666596 0.097279 -0.119912 0.695017 0.702218
64.400001 126.152844 277.390919 34.833608 0.097204 -0.120026 0.694994 0.702231
64.500001 126.156273 277.927535 35.001255 0.097108 -0.120140 0.694969 0.702249
64.600001 126.159624 278.464533 35.167979 0.097060 -0.120245 0.694948 0.702259
64.700001 126.162956 278.999991 35.338240 0.096922 -0.120294 0.694936 0.702282
64.800001 126.166466 279.535592 35.508116 0.096752 -0.120413 0.694910 0.702311
64.900001 126.169626 280.074099 35.671562 0.096933 -0.120580 0.694884 0.702283
65.000001 126.172715 280.614368 35.830806 0.097271 -0.120820 0.694846 0.702232
65.100001 126.175876 281.154106 35.991445 0.097549 -0.121062 0.694809 0.702188
65.200001 126.178894 281.692428 36.155422 0.097761 -0.121196 0.694790 0.702155
65.300001 126.182045 282.230553 36.319952 0.097929 -0.121378 0.694760 0.702129
65.400001 126.185141 282.769274 36.483146 0.098174 -0.121568 0.694732 0.702090
65.500001 126.188204 283.307952 36.646446 0.098417 -0.121758 0.694702 0.702053
65.600001 126.191179 283.845686 36.812080 0.098613 -0.121902 0.694679 0.702023
65.700001 126.194394 284.383638 36.977347 0.098786 -0.122104 0.694646 0.701996
65.800001 126.197209 284.921855 37.142139 0.099077 -0.122226 0.694629 0.701951
65.900001 126.200356 285.457965 37.311920 0.099147 -0.122349 0.694609 0.701939
66.000001 126.203419 285.995466 37.478478 0.099340 -0.122502 0.694586 0.701908
66.100001 126.206388 286.532351 37.646426 0.099509 -0.122605 0.694572 0.701880
66.200001 126.209385 287.069700 37.813381 0.099722 -0.122751 0.694550 0.701846
66.300001 126.212240 287.607380 37.979626 0.099984 -0.122887 0.694531 0.701803
66.400001 126.215140 288.144348 38.147638 0.100192 -0.122996 0.694517 0.701769
66.500001 126.218038 288.680894 38.316661 0.100349 -0.123105 0.694500 0.701744
66.600001 126.221272 289.216039 38.488521 0.100315 -0.123193 0.694481 0.701752
66.700001 126.224476 289.751675 38.659592 0.100284 -0.123276 0.694464 0.701759
66.800001 126.227452 290.287275 38.830976 0.100309 -0.123302 0.694459 0.701756
66.900001 126.230681 290.821797 39.005016 0.100215 -0.123371 0.694443 0.701773
67.000001 126.234143 291.356008 39.179706 0.100061 -0.123498 0.694416 0.701799
67.100001 126.237087 291.894106 39.345434 0.100320 -0.123655 0.694392 0.701758
67.200001 126.239960 292.429133 39.518426 0.100417 -0.123685 0.694390 0.701741
67.300001 126.242819 292.964134 39.691305 0.100512 -0.123704 0.694389 0.701725
67.400001 126.245728 293.499059 39.864506 0.100592 -0.123732 0.694388 0.701710
67.500001 126.248725 294.033713 40.038404 0.100619 -0.123807 0.694375 0.701706
67.600001 126.251124 294.568069 40.213477 0.100611 -0.123836 0.694693 0.701387
67.700001 126.252980 295.102127 40.388866 0.100608 -0.123872 0.694620 0.701453
67.800001 126.255431 295.636066 40.563709 0.100702 -0.123786 0.694526 0.701548
67.900001 126.257932 296.170044 40.739288 0.100706 -0.123786 0.694755 0.701321
68.000001 126.259700 296.704731 40.913171 0.100786 -0.123783 0.694706 0.701358
68.100001 126.262210 297.239051 41.087575 0.100832 -0.123798 0.694619 0.701435
68.200001 126.264652 297.773236 41.262645 0.100860 -0.123792 0.694720 0.701332
68.300001 126.266853 298.307590 41.437279 0.100874 -0.123822 0.694692 0.701352
68.400001 126.269223 298.841508 41.612557 0.100899 -0.123806 0.694658 0.701385
68.500001 126.265121 299.377491 41.791119 0.100544 -0.123856 0.699106 0.696995
68.600001 126.248065 299.915608 41.965042 0.099787 -0.124625 0.701986 0.694066
68.700001 126.235214 300.448911 42.134850 0.099941 -0.124792 0.699721 0.696297
68.800001 126.232306 300.979809 42.311026 0.100154 -0.124486 0.700199 0.695841
68.900001 126.223992 301.514366 42.487045 0.099963 -0.124609 0.701129 0.694908
69.000001 126.214817 302.050474 42.660323 0.099937 -0.124695 0.700649 0.695381
69.100001 126.207839 302.585912 42.836328 0.099949 -0.124609 0.700938 0.695103
69.200001 126.199452 303.121186 43.012127 0.099861 -0.124685 0.701231 0.694807
69.300001 126.190687 303.654635 43.187669 0.099815 -0.124650 0.701154 0.694897
69.400001 126.175269 304.189839 43.366010 0.099335 -0.124734 0.706342 0.689677
69.500001 126.143444 304.726228 43.540916 0.098314 -0.125578 0.710149 0.685750
69.600001 126.113630 305.259422 43.710394 0.098272 -0.125788 0.708731 0.687183
69.700001 126.093701 305.792214 43.885384 0.098306 -0.125648 0.709873 0.686024
69.800001 126.067223 306.328592 44.061029 0.098003 -0.125893 0.711399 0.684440
69.900001 126.038592 306.865549 44.235671 0.097905 -0.125981 0.711509 0.684324
70.000001 126.012088 307.401520 44.411419 0.097846 -0.125991 0.712201 0.683610
70.100001 125.983583 307.936239 44.587085 0.097792 -0.126118 0.712900 0.682865
70.200001 125.954278 308.469300 44.760870 0.097751 -0.126177 0.713229 0.682517
70.300001 125.919170 309.003005 44.937206 0.097143 -0.126296 0.718017 0.677543
70.400001 125.868205 309.538760 45.111766 0.096161 -0.127139 0.721998 0.673281
70.500001 125.816923 310.072101 45.281898 0.096097 -0.127410 0.721457 0.673819
70.600001 125.773256 310.604960 45.457143 0.095869 -0.127358 0.723275 0.671910
70.700001 125.722508 311.141294 45.631915 0.095459 -0.127643 0.725040 0.670009
70.800001 125.669797 311.677149 45.805970 0.095321 -0.127772 0.725633 0.669361
70.900001 125.618138 312.211672 45.980361 0.095201 -0.127839 0.726696 0.668211
71.000001 125.564597 312.745118 46.153163 0.094984 -0.128013 0.727644 0.667177
71.100001 125.509911 313.276971 46.325825 0.094883 -0.128156 0.728245 0.666508
71.200001 125.454836 313.808058 46.498781 0.094789 -0.128216 0.728928 0.665762
71.300001 125.392042 314.341469 46.674168 0.094057 -0.128379 0.734137 0.660087
71.400001 125.311588 314.876567 46.847615 0.093003 -0.129283 0.738585 0.655079
71.500001 125.231188 315.408266 47.015165 0.092815 -0.129650 0.738036 0.655651
71.600001 125.159957 315.939175 47.187554 0.092504 -0.129715 0.739797 0.653696
71.700001 125.080860 316.472066 47.360185 0.092051 -0.130008 0.741790 0.651439
71.800001 124.999197 317.004424 47.531101 0.091893 -0.130250 0.742407 0.650709
71.900001 124.919059 317.535703 47.702667 0.091719 -0.130385 0.743506 0.649450
72.000001 124.836353 318.066118 47.874098 0.091442 -0.130552 0.744546 0.648264
72.100001 124.752750 318.596115 48.044108 0.091266 -0.130669 0.745208 0.647503
72.200001 124.662544 319.126597 48.217549 0.090605 -0.130856 0.750106 0.641878
72.300001 124.555484 319.656479 48.387457 0.089457 -0.131757 0.754213 0.637024
72.400001 124.448064 320.183438 48.552312 0.089235 -0.132134 0.753936 0.637305
72.500001 124.348252 320.709993 48.723291 0.089033 -0.132088 0.755893 0.635020
72.600001 124.240671 321.239148 48.893258 0.088704 -0.132456 0.757765 0.632755
72.700001 124.131107 321.768253 49.061404 0.088502 -0.132733 0.758467 0.631884
72.800001 124.022959 322.296028 49.230691 0.088099 -0.132937 0.759595 0.630541
72.900001 123.911967 322.823177 49.399192 0.087830 -0.133124 0.760628 0.629292
73.000001 123.799910 323.348361 49.567354 0.087668 -0.133246 0.761328 0.628442
73.100001 123.687553 323.872290 49.735911 0.087520 -0.133317 0.762087 0.627527
73.200001 123.567489 324.397379 49.906184 0.086750 -0.133468 0.767108 0.621455
73.300001 123.429305 324.921256 50.074379 0.085555 -0.134284 0.771404 0.616104
73.400001 123.290785 325.443170 50.236753 0.085558 -0.134693 0.770898 0.616647
73.500001 123.161858 325.964716 50.404175 0.085343 -0.134607 0.772620 0.614537
73.600001 123.025331 326.487346 50.570931 0.084701 -0.134866 0.774560 0.612122
73.700001 122.885901 327.010284 50.735775 0.084456 -0.135096 0.775163 0.611342
73.800001 122.748122 327.531782 50.902151 0.084290 -0.135186 0.776240 0.609977
73.900001 122.607944 328.052067 51.067608 0.084056 -0.135380 0.777255 0.608672
74.000001 122.466469 328.570764 51.232691 0.083879 -0.135465 0.777901 0.607851
74.100001 122.318687 329.089915 51.399523 0.083098 -0.135543 0.782510 0.601997
74.200001 122.154137 329.607035 51.564142 0.082045 -0.136337 0.786375 0.596905
74.300001 121.989761 330.121313 51.722334 0.081903 -0.136750 0.786111 0.597178
74.400001 121.832794 330.636204 51.886581 0.081652 -0.136681 0.787963 0.594782
74.500001 121.668059 331.152174 52.050178 0.081160 -0.136951 0.789735 0.592432
74.600001 121.501305 331.668326 52.211247 0.080901 -0.137163 0.790413 0.591514
74.700001 121.335385 332.183783 52.374060 0.080679 -0.137300 0.791502 0.590055
74.800001 121.167242 332.696868 52.537113 0.080417 -0.137416 0.792485 0.588743
74.900001 120.998587 333.208544 52.698705 0.080215 -0.137574 0.793136 0.587856
75.000001 120.822942 333.718988 52.863027 0.079492 -0.137419 0.797699 0.581784
75.100001 120.631065 334.227647 53.021757 0.078298 -0.138246 0.801492 0.576514
75.200001 120.438806 334.734259 53.175618 0.078249 -0.138706 0.801122 0.576924
75.300001 120.254662 335.241087 53.337473 0.078017 -0.138533 0.802862 0.574574
75.400001 120.062047 335.748864 53.497871 0.077566 -0.138749 0.804584 0.572168
75.500001 119.867603 336.255907 53.656782 0.077338 -0.138900 0.805194 0.571303
75.600001 119.674701 336.762124 53.816093 0.077063 -0.138939 0.806219 0.569884
75.700001 119.479354 337.267204 53.974398 0.076881 -0.139012 0.807156 0.568563
75.800001 119.284001 337.770779 54.131390 0.076682 -0.139161 0.807761 0.567694
75.900001 119.087973 338.273025 54.289284 0.076527 -0.139192 0.808434 0.566748
76.000001 118.884037 338.775186 54.449354 0.075683 -0.139145 0.812984 0.560328
