0.000000 0.000000 0.000000 -0.000000 0.000000 0.000000 -0.000000 1.000000
0.100000 0.561768 -0.000052 -0.000002 0.000000 0.000000 -0.000000 1.000000
0.200000 1.123536 -0.000089 -0.000002 0.000000 0.000000 -0.000000 1.000000
0.300000 1.685304 -0.000126 -0.000004 0.000000 0.000000 -0.000000 1.000000
0.400000 2.247073 -0.000163 -0.000005 0.000000 0.000000 -0.000000 1.000000
0.500000 2.808841 -0.000200 -0.000006 0.000000 0.000000 -0.000000 1.000000
0.600000 3.370609 -0.000252 -0.000007 0.000000 0.000000 -0.000000 1.000000
0.700000 3.932377 -0.000289 -0.000010 0.000000 0.000000 -0.000000 1.000000
0.800000 4.494145 -0.000325 -0.000010 0.000000 0.000000 -0.000000 1.000000
0.900000 5.055913 -0.000362 -0.000012 0.000000 0.000000 -0.000000 1.000000
1.000000 5.617681 -0.000399 -0.000011 0.000000 0.000000 -0.000000 1.000000
1.100000 6.179449 -0.000451 -0.000013 0.000000 0.000000 -0.000000 1.000000
1.200000 6.741218 -0.000488 -0.000015 0.000000 0.000000 -0.000000 1.000000
1.300000 7.302986 -0.000525 -0.000017 0.000000 0.000000 -0.000000 1.000000
1.400000 7.864754 -0.000562 -0.000018 0.000000 0.000000 -0.000000 1.000000
1.500000 8.426522 -0.000599 -0.000017 0.000000 0.000000 -0.000000 1.000000
1.600000 8.988290 -0.000651 -0.000019 0.000000 0.000000 -0.000000 1.000000
1.700000 9.550058 -0.000688 -0.000019 0.000000 0.000000 -0.000000 1.000000
1.800000 10.111826 -0.000725 -0.000021 0.000000 0.000000 -0.000000 1.000000
1.900000 10.673594 -0.000761 -0.000024 0.000000 0.000000 -0.000000 1.000000
2.000000 11.235355 -0.000798 -0.000024 0.000000 0.000000 -0.000000 1.000000
2.100000 11.797123 -0.000850 -0.000026 0.000000 0.000000 -0.000000 1.000000
2.200000 12.358891 -0.000887 -0.000026 0.000000 0.000000 -0.000000 1.000000
2.300000 12.920659 -0.000924 -0.000028 0.000000 0.000000 -0.000000 1.000000
2.400000 13.482427 -0.000961 -0.000029 0.000000 0.000000 -0.000000 1.000000
2.500000 14.044196 -0.000998 -0.000030 0.000000 0.000000 -0.000000 1.000000
2.600000 14.605964 -0.001050 -0.000031 0.000000 0.000000 -0.000000 1.000000
2.700000 15.167732 -0.001087 -0.000032 0.000000 0.000000 -0.000000 1.000000
2.800000 15.729500 -0.001124 -0.000033 0.000000 0.000000 -0.000000 1.000000
2.900000 16.291268 -0.001161 -0.000034 0.000000 0.000000 -0.000000 1.000000
3.000000 16.852831 0.004341 -0.000036 0.000180 0.000001 0.002270 0.999997
3.100000 17.414168 0.006944 -0.000036 -0.000060 0.000001 0.002176 0.999998
3.200000 17.975599 0.008188 -0.000039 -0.000020 -0.000000 0.001710 0.999999
3.300000 18.537332 0.011569 -0.000040 0.000042 -0.000002 0.002302 0.999997
3.400000 19.099325 0.014233 -0.000042 -0.000013 -0.000002 0.002319 0.999997
3.500000 19.661410 0.016791 -0.000042 0.000001 -0.000002 0.002305 0.999997
3.600000 20.223373 0.019928 -0.000043 0.000014 -0.000000 0.002525 0.999997
3.700000 20.785076 0.022729 -0.000044 -0.000006 0.000001 0.002510 0.999997
3.800000 21.346596 0.025668 -0.000044 0.000004 0.000001 0.002557 0.999997
3.900000 21.906143 0.044091 -0.000034 0.000595 0.000016 0.009198 0.999958
4.000000 22.464383 0.069776 -0.000032 0.000234 0.000006 0.015036 0.999887
4.100000 23.024413 0.079990 -0.000033 -0.000292 -0.000012 0.012107 0.999927
4.200000 23.585826 0.094693 -0.000044 0.000112 -0.000011 0.012748 0.999919
4.300000 24.148591 0.113945 -0.000044 0.000086 -0.000016 0.014655 0.999893
4.400000 24.711986 0.129657 -0.000041 -0.000060 -0.000012 0.014266 0.999898
4.500000 25.274586 0.146849 -0.000030 0.000042 -0.000001 0.014746 0.999891
4.600000 25.835811 0.165183 -0.000013 0.000029 0.000005 0.015433 0.999881
4.700000 26.396076 0.182813 -0.000010 -0.000006 0.000002 0.015549 0.999879
4.800000 26.953419 0.217591 -0.000009 0.000622 0.000029 0.022901 0.999738
4.900000 27.510113 0.258411 -0.000014 0.000217 0.000009 0.028654 0.999589
5.000000 28.070195 0.287440 -0.000024 -0.000180 -0.000021 0.027198 0.999630
5.100000 28.632237 0.322529 -0.000017 0.000168 -0.000017 0.029120 0.999576
5.200000 29.195129 0.361404 -0.000014 0.000099 -0.000012 0.031478 0.999504
5.300000 29.757687 0.398172 -0.000004 -0.000012 -0.000007 0.031915 0.999491
5.400000 30.318382 0.436922 0.000002 0.000069 0.000002 0.033087 0.999452
5.500000 30.877335 0.476951 0.000017 0.000045 0.000006 0.034235 0.999414
5.600000 31.435755 0.516887 0.000014 0.000017 0.000007 0.034866 0.999392
5.700000 31.991880 0.572233 0.000020 0.000597 0.000035 0.041830 0.999125
5.800000 32.547493 0.635054 0.000010 0.000237 0.000006 0.047944 0.998850
5.900000 33.106856 0.688053 0.000012 -0.000120 -0.000024 0.047395 0.998876
6.000000 33.667233 0.747738 0.000012 0.000197 -0.000005 0.050040 0.998747
6.100000 34.227544 0.811038 0.000016 0.000110 -0.000006 0.052745 0.998608
6.200000 34.787079 0.872919 0.000024 0.000014 -0.000005 0.053694 0.998557
6.300000 35.344734 0.937009 0.000040 0.000084 0.000007 0.055280 0.998471
6.400000 35.901121 1.002578 0.000042 0.000056 0.000011 0.056739 0.998389
6.500000 36.457477 1.068528 0.000036 0.000030 0.000002 0.057697 0.998334
6.600000 37.014655 1.135807 0.000035 0.000044 -0.000006 0.058738 0.998273
6.700000 37.568943 1.219455 0.000050 0.000632 0.000044 0.066352 0.997796
6.800000 38.121419 1.311355 0.000047 0.000274 0.000021 0.073161 0.997320
6.900000 38.677038 1.392350 0.000041 -0.000146 -0.000020 0.072527 0.997366
7.000000 39.232388 1.479722 0.000045 0.000192 0.000003 0.075083 0.997177
7.100000 39.787337 1.571641 0.000053 0.000126 0.000001 0.078109 0.996945
7.200000 40.342562 1.661882 0.000055 0.000005 -0.000002 0.079094 0.996867
7.300000 40.896822 1.754563 0.000055 0.000084 0.000004 0.080741 0.996735
7.400000 41.450165 1.848967 0.000061 0.000059 0.000003 0.082327 0.996605
7.500000 42.003217 1.943660 0.000067 0.000027 0.000001 0.083344 0.996521
7.600000 42.551840 2.053683 0.000075 0.000602 0.000068 0.090633 0.995884
7.700000 43.098239 2.171287 0.000065 0.000245 0.000025 0.097080 0.995277
7.800000 43.648695 2.279527 0.000062 -0.000115 -0.000024 0.096808 0.995303
7.900000 44.199447 2.394801 0.000065 0.000199 0.000006 0.099676 0.995020
8.000000 44.750239 2.514013 0.000066 0.000112 0.000002 0.102589 0.994724
8.100000 45.301064 2.631942 0.000065 0.000015 -0.000006 0.103724 0.994606
8.200000 45.850069 2.752265 0.000078 0.000084 0.000009 0.105479 0.994422
8.300000 46.397501 2.873899 0.000082 0.000053 0.000012 0.107072 0.994251
8.400000 46.944368 2.995943 0.000080 0.000027 0.000009 0.108157 0.994134
8.500000 47.486287 3.133301 0.000083 0.000603 0.000080 0.115536 0.993303
8.600000 48.026119 3.278438 0.000080 0.000247 0.000029 0.122072 0.992521
8.700000 48.571015 3.414075 0.000073 -0.000132 -0.000027 0.121669 0.992571
8.800000 49.115856 3.556564 0.000070 0.000189 0.000012 0.124419 0.992230
8.900000 49.660235 3.703049 0.000067 0.000109 0.000002 0.127332 0.991860
9.000000 50.204325 3.848039 0.000081 0.000005 -0.000004 0.128402 0.991722
9.100000 50.746367 3.995224 0.000086 0.000075 0.000017 0.130094 0.991502
9.200000 51.286791 4.143749 0.000086 0.000047 0.000016 0.131660 0.991295
9.300000 51.826939 4.292594 0.000077 0.000020 0.000004 0.132697 0.991157
9.400000 52.367451 4.442996 0.000081 0.000036 -0.000000 0.133829 0.991004
9.500000 52.902511 4.609245 0.000085 0.000618 0.000098 0.141491 0.989939
9.600000 53.434584 4.783455 0.000079 0.000264 0.000042 0.148352 0.988935
9.700000 53.971707 4.947204 0.000067 -0.000163 -0.000033 0.147676 0.989036
9.800000 54.507723 5.117208 0.000074 0.000176 0.000018 0.150154 0.988663
9.900000 55.042649 5.291758 0.000071 0.000115 0.000014 0.153194 0.988196
10.000000 55.577974 5.464614 0.000071 -0.000010 -0.000002 0.154155 0.988047
10.100000 56.111893 5.639666 0.000068 0.000070 0.000011 0.155771 0.987793
10.200000 56.644589 5.816272 0.000076 0.000045 0.000010 0.157351 0.987543
10.300000 57.176995 5.993107 0.000073 0.000012 0.000007 0.158349 0.987383
10.400000 57.702789 6.184414 0.000076 0.000581 0.000111 0.165549 0.986201
10.500000 58.225324 6.382903 0.000067 0.000228 0.000042 0.171910 0.985113
10.600000 58.753303 6.572824 0.000060 -0.000128 -0.000031 0.171633 0.985161
10.700000 59.280479 6.769672 0.000056 0.000183 0.000024 0.174454 0.984665
10.800000 59.807116 6.970349 0.000053 0.000099 0.000006 0.177324 0.984152
10.900000 60.333861 7.169713 0.000060 0.000002 -0.000006 0.178440 0.983951
11.000000 60.858498 7.371166 0.000062 0.000068 0.000018 0.180162 0.983637
11.100000 61.381394 7.573760 0.000066 0.000039 0.000016 0.181735 0.983348
11.200000 61.903725 7.776675 0.000060 0.000014 0.000005 0.182803 0.983150
11.300000 62.426008 7.981054 0.000061 0.000027 0.000002 0.183947 0.982936
11.400000 62.941207 8.200621 0.000066 0.000604 0.000128 0.191550 0.981483
11.500000 63.452748 8.427813 0.000057 0.000254 0.000052 0.198352 0.980131
11.600000 63.970467 8.645278 0.000053 -0.000166 -0.000045 0.197728 0.980257
11.700000 64.486606 8.868951 0.000055 0.000169 0.000025 0.200239 0.979747
11.800000 65.001137 9.097108 0.000058 0.000107 0.000016 0.203273 0.979122
11.900000 65.516220 9.323542 0.000056 -0.000016 -0.000009 0.204250 0.978919
12.000000 66.029484 9.552018 0.000066 0.000063 0.000011 0.205884 0.978576
12.100000 66.541250 9.781926 0.000067 0.000038 0.000012 0.207480 0.978239
12.200000 67.052757 10.012018 0.000070 0.000005 0.000002 0.208483 0.978026
12.300000 67.556297 10.255877 0.000074 0.000568 0.000133 0.215620 0.976477
12.400000 68.055951 10.506613 0.000072 0.000218 0.000050 0.221923 0.975064
12.500000 68.561948 10.749392 0.000066 -0.000133 -0.000039 0.221660 0.975124
12.600000 69.066456 10.998975 0.000062 0.000176 0.000026 0.224471 0.974481
12.700000 69.569830 11.252279 0.000066 0.000092 0.000006 0.227326 0.973819
12.800000 70.073420 11.504332 0.000073 -0.000006 -0.000007 0.228438 0.973559
12.900000 70.574702 11.758198 0.000083 0.000060 0.000018 0.230160 0.973153
13.000000 71.074138 12.013054 0.000084 0.000032 0.000010 0.231730 0.972780
13.100000 71.573038 12.268244 0.000088 0.000006 0.000000 0.232795 0.972526
13.200000 72.063361 12.536973 0.000095 0.000567 0.000151 0.240010 0.970770
13.300000 72.549707 12.812701 0.000088 0.000220 0.000055 0.246395 0.969169
13.400000 73.043312 13.080473 0.000082 -0.000148 -0.000055 0.245981 0.969275
13.500000 73.535107 13.354819 0.000086 0.000167 0.000026 0.248657 0.968592
13.600000 74.025341 13.632932 0.000091 0.000087 0.000012 0.251501 0.967857
13.700000 74.515760 13.909489 0.000097 -0.000015 -0.000010 0.252529 0.967589
13.800000 75.003675 14.187675 0.000106 0.000055 0.000014 0.254182 0.967157
13.900000 75.489757 14.466835 0.000112 0.000026 0.000012 0.255710 0.966754
14.000000 75.975473 14.746209 0.000115 -0.000001 0.000001 0.256720 0.966486
14.100000 76.461156 15.027154 0.000111 0.000016 -0.000005 0.257822 0.966192
14.200000 76.937574 15.322079 0.000125 0.000583 0.000162 0.265285 0.964170
14.300000 77.409039 15.623956 0.000121 0.000237 0.000066 0.271961 0.962308
14.400000 77.888038 15.916885 0.000120 -0.000178 -0.000062 0.271288 0.962498
14.500000 78.364451 16.215564 0.000125 0.000154 0.000029 0.273692 0.961817
14.600000 78.838646 16.518497 0.000130 0.000095 0.000016 0.276656 0.960969
14.700000 79.313712 16.819891 0.000139 -0.000028 -0.000014 0.277587 0.960700
14.800000 79.786839 17.123067 0.000140 0.000050 0.000009 0.279155 0.960246
14.900000 80.258361 17.427400 0.000153 0.000026 0.000004 0.280692 0.959798
15.000000 80.729548 17.731901 0.000154 -0.000007 -0.000004 0.281662 0.959514
15.100000 81.190709 18.048672 0.000166 0.000544 0.000173 0.288654 0.957433
15.200000 81.646872 18.371677 0.000160 0.000203 0.000060 0.294824 0.955551
15.300000 82.110536 18.687688 0.000161 -0.000142 -0.000059 0.294541 0.955639
15.400000 82.571704 19.010166 0.000164 0.000162 0.000035 0.297278 0.954791
15.500000 83.031357 19.336304 0.000166 0.000080 0.000009 0.300064 0.953919
15.600000 83.491455 19.661191 0.000178 -0.000015 -0.000017 0.301138 0.953581
15.700000 83.948971 19.987494 0.000185 0.000048 0.000014 0.302808 0.953051
15.800000 84.404518 20.314527 0.000196 0.000019 0.000010 0.304339 0.952564
15.900000 84.859425 20.641665 0.000197 -0.000005 -0.000004 0.305373 0.952233
16.000000 85.303801 20.980967 0.000210 0.000544 0.000185 0.312424 0.949943
16.100000 85.743211 21.326548 0.000205 0.000204 0.000067 0.318660 0.947869
16.200000 86.191022 21.665396 0.000204 -0.000154 -0.000068 0.318258 0.948004
16.300000 86.636093 22.010527 0.000204 0.000155 0.000031 0.320878 0.947121
16.400000 87.079069 22.359119 0.000213 0.000077 0.000010 0.323650 0.946177
16.500000 87.522428 22.706278 0.000224 -0.000024 -0.000014 0.324661 0.945830
16.600000 87.963024 23.054546 0.000233 0.000042 0.000014 0.326267 0.945278
16.700000 88.401666 23.403422 0.000242 0.000016 0.000005 0.327756 0.944763
16.800000 88.839911 23.752558 0.000247 -0.000011 -0.000005 0.328740 0.944420
16.900000 89.277910 24.103218 0.000249 0.000005 -0.000006 0.329811 0.944047
17.000000 89.704647 24.466300 0.000257 0.000560 0.000200 0.337095 0.941470
17.100000 90.125517 24.835554 0.000259 0.000223 0.000075 0.343605 0.939114
17.200000 90.555139 25.197068 0.000260 -0.000183 -0.000079 0.342958 0.939351
17.300000 90.981307 25.563948 0.000265 0.000141 0.000038 0.345311 0.938488
17.400000 91.404631 25.934624 0.000272 0.000084 0.000016 0.348199 0.937421
17.500000 91.829070 26.303898 0.000281 -0.000036 -0.000023 0.349106 0.937083
17.600000 92.251326 26.674604 0.000290 0.000038 0.000011 0.350640 0.936510
17.700000 92.671811 27.046298 0.000294 0.000016 0.000002 0.352142 0.935947
17.800000 93.091914 27.418054 0.000303 -0.000015 -0.000012 0.353084 0.935591
17.900000 93.500299 27.800490 0.000313 0.000520 0.000208 0.359894 0.932993
18.000000 93.902849 28.188259 0.000315 0.000187 0.000073 0.365901 0.930654
18.100000 94.313829 28.570271 0.000309 -0.000144 -0.000074 0.365639 0.930757
18.200000 94.721322 28.958352 0.000315 0.000150 0.000039 0.368308 0.929704
18.300000 95.126766 29.349711 0.000321 0.000068 0.000011 0.371017 0.928626
18.400000 95.532898 29.740018 0.000329 -0.000024 -0.000021 0.372068 0.928206
18.500000 95.936206 30.131343 0.000342 0.000039 0.000011 0.373699 0.927550
18.600000 96.337423 30.523032 0.000349 0.000009 0.000005 0.375181 0.926952
18.700000 96.738090 30.914781 0.000357 -0.000014 -0.000006 0.376187 0.926544
18.800000 97.126476 31.316966 0.000362 0.000520 0.000221 0.383053 0.923726
18.900000 97.508995 31.724652 0.000363 0.000192 0.000075 0.389123 0.921186
19.000000 97.900814 32.126873 0.000359 -0.000158 -0.000084 0.388731 0.921351
19.100000 98.289008 32.534871 0.000365 0.000142 0.000041 0.391272 0.920275
19.200000 98.674605 32.945994 0.000370 0.000068 0.000010 0.393968 0.919124
19.300000 99.060799 33.355760 0.000383 -0.000032 -0.000023 0.394950 0.918703
19.400000 99.444153 33.766240 0.000394 0.000031 0.000015 0.396505 0.918032
19.500000 99.825463 34.177006 0.000400 0.000006 0.000003 0.397952 0.917406
19.600000 100.206299 34.587986 0.000404 -0.000017 -0.000012 0.398911 0.916990
19.700000 100.586675 35.000430 0.000407 -0.000003 -0.000010 0.399949 0.916537
19.800000 100.954083 35.423477 0.000419 0.000533 0.000240 0.407015 0.913421
19.900000 101.314801 35.851733 0.000416 0.000208 0.000087 0.413325 0.910584
20.000000 101.685246 36.273731 0.000420 -0.000183 -0.000099 0.412705 0.910865
20.100000 102.051505 36.700423 0.000424 0.000128 0.000045 0.414989 0.909826
20.200000 102.414417 37.130453 0.000429 0.000073 0.000020 0.417781 0.908548
20.300000 102.778613 37.559248 0.000437 -0.000042 -0.000031 0.418669 0.908139
20.400000 103.140397 37.989139 0.000448 0.000029 0.000008 0.420153 0.907453
20.500000 103.500287 38.419729 0.000456 0.000006 0.000001 0.421604 0.906780
20.600000 103.859887 38.850364 0.000458 -0.000023 -0.000016 0.422516 0.906355
20.700000 104.206216 39.289771 0.000472 0.000495 0.000241 0.429112 0.903251
20.800000 104.546009 39.733579 0.000468 0.000172 0.000083 0.434925 0.900467
20.900000 104.894947 40.172990 0.000468 -0.000147 -0.000086 0.434675 0.900587
21.000000 105.239606 40.617873 0.000468 0.000139 0.000047 0.437260 0.899335
21.100000 105.581727 41.065697 0.000476 0.000060 0.000011 0.439879 0.898057
21.200000 105.924613 41.512530 0.000486 -0.000031 -0.000024 0.440897 0.897558
21.300000 106.264615 41.959970 0.000495 0.000029 0.000012 0.442472 0.896782
21.400000 106.602495 42.407453 0.000503 0.000002 0.000001 0.443906 0.896073
21.500000 106.939795 42.854936 0.000505 -0.000022 -0.000012 0.444873 0.895593
21.600000 107.276270 43.303683 0.000512 -0.000007 -0.000010 0.445921 0.895072
21.700000 107.598710 43.761598 0.000517 0.000517 0.000264 0.452849 0.891587
21.800000 107.913972 44.224112 0.000519 0.000199 0.000097 0.459035 0.888418
21.900000 108.239632 44.681543 0.000517 -0.000182 -0.000107 0.458458 0.888716
22.000000 108.560709 45.143408 0.000521 0.000123 0.000049 0.460721 0.887545
22.100000 108.878104 45.608259 0.000525 0.000069 0.000021 0.463471 0.886112
22.200000 109.196767 46.071952 0.000533 -0.000045 -0.000033 0.464358 0.885647
22.300000 109.512897 46.536420 0.000543 0.000023 0.000010 0.465826 0.884876
22.400000 109.826996 47.001312 0.000548 0.000003 -0.000001 0.467265 0.884118
22.500000 110.140759 47.466189 0.000552 -0.000026 -0.000019 0.468174 0.883636
22.600000 110.440490 47.938585 0.000563 0.000477 0.000266 0.474619 0.880191
22.700000 110.733304 48.414802 0.000560 0.000164 0.000090 0.480297 0.877106
22.800000 111.035674 48.887583 0.000554 -0.000147 -0.000097 0.480056 0.877238
22.900000 111.333201 49.365332 0.000556 0.000131 0.000052 0.482580 0.875852
23.000000 111.627840 49.845717 0.000562 0.000054 0.000015 0.485145 0.874434
23.100000 111.923319 50.325111 0.000571 -0.000034 -0.000027 0.486145 0.873878
23.200000 112.215854 50.804852 0.000578 0.000024 0.000012 0.487686 0.873019
23.300000 112.506359 51.284454 0.000584 -0.000003 0.000000 0.489091 0.872233
23.400000 112.796223 51.764039 0.000589 -0.000026 -0.000014 0.490047 0.871696
23.500000 113.071643 52.250670 0.000593 0.000475 0.000281 0.496508 0.868032
23.600000 113.339932 52.741152 0.000590 0.000168 0.000094 0.502215 0.864743
23.700000 113.618693 53.228642 0.000585 -0.000160 -0.000109 0.501842 0.864959
23.800000 113.892381 53.720794 0.000586 0.000123 0.000054 0.504228 0.863571
23.900000 114.162817 54.215338 0.000591 0.000053 0.000015 0.506760 0.862087
24.000000 114.434154 54.708662 0.000600 -0.000041 -0.000032 0.507678 0.861547
24.100000 114.702592 55.202013 0.000607 0.000017 0.000013 0.509141 0.860683
24.200000 114.968909 55.695209 0.000612 -0.000006 0.000000 0.510504 0.859875
24.300000 115.234829 56.188465 0.000613 -0.000029 -0.000019 0.511403 0.859341
24.400000 115.499909 56.682971 0.000612 -0.000013 -0.000015 0.512382 0.858758
24.500000 115.749720 57.184522 0.000623 0.000486 0.000301 0.519009 0.854769
24.600000 115.991699 57.689404 0.000615 0.000183 0.000110 0.524922 0.851150
24.700000 116.244715 58.190608 0.000615 -0.000182 -0.000125 0.524329 0.851516
24.800000 116.492508 58.695360 0.000616 0.000109 0.000056 0.526453 0.850204
24.900000 116.736178 59.202549 0.000618 0.000058 0.000026 0.529070 0.848578
25.000000 116.981436 59.708885 0.000623 -0.000050 -0.000040 0.529890 0.848066
25.100000 117.224145 60.215660 0.000628 0.000016 0.000008 0.531273 0.847201
25.200000 117.464794 60.722646 0.000634 -0.000006 -0.000002 0.532635 0.846345
25.300000 117.705153 61.229540 0.000634 -0.000033 -0.000022 0.533485 0.845809
25.400000 117.930461 61.741648 0.000642 0.000449 0.000298 0.539628 0.841903
25.500000 118.148394 62.256356 0.000634 0.000149 0.000099 0.545035 0.838413
25.600000 118.376264 62.769108 0.000630 -0.000147 -0.000107 0.544803 0.838564
25.700000 118.598589 63.286110 0.000626 0.000120 0.000061 0.547209 0.836996
25.800000 118.817737 63.805290 0.000629 0.000046 0.000015 0.549643 0.835399
25.900000 119.037848 64.323724 0.000634 -0.000039 -0.000031 0.550594 0.834773
26.000000 119.255045 64.842017 0.000640 0.000015 0.000013 0.552058 0.833805
26.100000 119.470212 65.359849 0.000644 -0.000010 -0.000002 0.553394 0.832920
26.200000 119.684755 65.877466 0.000644 -0.000031 -0.000018 0.554299 0.832317
26.300000 119.883956 66.399885 0.000648 0.000445 0.000316 0.560458 0.828183
26.400000 120.075600 66.925026 0.000637 0.000153 0.000106 0.565892 0.824479
26.500000 120.277912 67.448837 0.000630 -0.000156 -0.000123 0.565540 0.824721
26.600000 120.474618 67.976548 0.000629 0.000113 0.000061 0.567815 0.823156
26.700000 120.667798 68.506115 0.000631 0.000044 0.000019 0.570224 0.821489
26.800000 120.862001 69.034631 0.000634 -0.000044 -0.000035 0.571103 0.820878
26.900000 121.053291 69.562686 0.000641 0.000011 0.000012 0.572496 0.819907
27.000000 121.242551 70.090219 0.000642 -0.000014 -0.000001 0.573786 0.819005
27.100000 121.431369 70.617766 0.000640 -0.000034 -0.000020 0.574644 0.818403
27.200000 121.619194 71.146442 0.000636 -0.000018 -0.000018 0.575570 0.817753
27.300000 121.790884 71.679796 0.000640 0.000456 0.000334 0.581863 0.813287
27.400000 121.954408 72.215290 0.000633 0.000166 0.000123 0.587471 0.809245
27.500000 122.129302 72.748847 0.000626 -0.000177 -0.000138 0.586924 0.809642
27.600000 122.298486 73.285081 0.000628 0.000100 0.000063 0.588957 0.808164
27.700000 122.463258 73.823065 0.000624 0.000049 0.000029 0.591435 0.806353
27.800000 122.629755 74.360455 0.000625 -0.000053 -0.000042 0.592221 0.805775
27.900000 122.793612 74.897919 0.000627 0.000010 0.000008 0.593539 0.804805
28.000000 122.955470 75.435288 0.000627 -0.000010 -0.000004 0.594831 0.803851
28.100000 123.116992 75.972519 0.000626 -0.000037 -0.000024 0.595642 0.803250
28.200000 123.262886 76.512675 0.000628 0.000419 0.000332 0.601480 0.798888
28.300000 123.401027 77.054270 0.000619 0.000136 0.000110 0.606616 0.794995
28.400000 123.549330 77.595436 0.000607 -0.000144 -0.000119 0.606391 0.795166
28.500000 123.691541 78.139913 0.000605 0.000109 0.000071 0.608672 0.793422
28.600000 123.830209 78.686125 0.000600 0.000040 0.000019 0.610985 0.791642
28.700000 123.970023 79.231720 0.000604 -0.000041 -0.000036 0.611878 0.790952
28.800000 124.106922 79.776739 0.000605 0.000009 0.000015 0.613268 0.789875
28.900000 124.241931 80.320993 0.000606 -0.000016 -0.000001 0.614531 0.788893
29.000000 124.376330 80.864963 0.000601 -0.000034 -0.000020 0.615387 0.788225
29.100000 124.494811 81.411362 0.000601 0.000415 0.000347 0.621217 0.783638
29.200000 124.605416 81.959322 0.000587 0.000139 0.000118 0.626358 0.779535
29.300000 124.726778 82.507578 0.000576 -0.000151 -0.000133 0.626028 0.779801
29.400000 124.842048 83.058832 0.000571 0.000103 0.000069 0.628177 0.778070
29.500000 124.953502 83.611394 0.000569 0.000038 0.000022 0.630454 0.776227
29.600000 125.066162 84.163087 0.000570 -0.000047 -0.000037 0.631285 0.775551
29.700000 125.176015 84.713876 0.000568 0.000005 0.000014 0.632600 0.774479
29.800000 125.283932 85.263870 0.000565 -0.000018 -0.000002 0.633822 0.773479
29.900000 125.391361 85.813771 0.000560 -0.000038 -0.000022 0.634629 0.772817
30.000000 125.497675 86.364655 0.000552 -0.000022 -0.000018 0.635499 0.772102
30.100000 125.587368 86.917752 0.000554 0.000425 0.000368 0.641436 0.767176
30.200000 125.668608 87.471693 0.000542 0.000152 0.000135 0.646724 0.762724
30.300000 125.761459 88.025443 0.000533 -0.000172 -0.000149 0.646208 0.763161
30.400000 125.848220 88.581023 0.000525 0.000090 0.000071 0.648127 0.761532
30.500000 125.930371 89.137666 0.000521 0.000043 0.000033 0.650463 0.759538
30.600000 126.014247 89.693968 0.000518 -0.000054 -0.000045 0.651204 0.758902
30.700000 126.095545 90.249961 0.000516 0.000004 0.000011 0.652444 0.757837
30.800000 126.174920 90.805509 0.000511 -0.000015 -0.000004 0.653652 0.756795
30.900000 126.253884 91.360912 0.000505 -0.000038 -0.000026 0.654423 0.756129
31.000000 126.317009 91.916842 0.000505 0.000389 0.000365 0.659931 0.751326
31.100000 126.372183 92.473030 0.000490 0.000124 0.000122 0.664775 0.747043
31.200000 126.437503 93.030307 0.000475 -0.000140 -0.000129 0.664555 0.747239
31.300000 126.496335 93.589963 0.000464 0.000098 0.000079 0.666686 0.745338
31.400000 126.551442 94.150789 0.000460 0.000034 0.000024 0.668860 0.743388
31.500000 126.607755 94.711204 0.000456 -0.000043 -0.000037 0.669697 0.742635
31.600000 126.661292 95.270602 0.000455 0.000004 0.000016 0.670995 0.741462
31.700000 126.713030 95.828967 0.000449 -0.000020 -0.000001 0.672178 0.740389
31.800000 126.764235 96.386988 0.000442 -0.000037 -0.000021 0.672980 0.739661
31.900000 126.814111 96.945648 0.000431 -0.000023 -0.000017 0.673839 0.738879
32.000000 126.847202 97.504713 0.000428 0.000403 0.000392 0.679536 0.733642
32.100000 126.871779 98.063889 0.000413 0.000143 0.000145 0.684606 0.728913
32.200000 126.908072 98.624209 0.000399 -0.000167 -0.000159 0.684095 0.729393
32.300000 126.938154 99.185865 0.000390 0.000085 0.000077 0.685918 0.727678
32.400000 126.963443 99.748139 0.000381 0.000040 0.000038 0.688164 0.725555
32.500000 126.990549 100.310172 0.000377 -0.000055 -0.000047 0.688865 0.724889
32.600000 127.015107 100.871476 0.000371 0.000001 0.000013 0.690052 0.723760
32.700000 127.037729 101.432099 0.000364 -0.000017 -0.000002 0.691216 0.722648
32.800000 127.060030 101.992516 0.000354 -0.000040 -0.000026 0.691950 0.721946
32.900000 127.066463 102.551966 0.000349 0.000368 0.000385 0.697200 0.716877
33.000000 127.065024 103.110985 0.000331 0.000115 0.000129 0.701811 0.712363
33.100000 127.078810 103.671520 0.000316 -0.000261 -0.000254 0.700049 0.714095
33.200000 127.087743 104.233506 0.000307 0.000034 0.000029 0.700820 0.713338
33.300000 127.091776 104.796615 0.000296 0.000015 0.000009 0.702477 0.711706
33.400001 127.099120 105.359849 0.000293 -0.000096 -0.000095 0.702421 0.711762
33.500000 127.104679 105.922197 0.000291 -0.000026 -0.000018 0.702981 0.711209
33.600000 127.108761 106.483429 0.000288 -0.000039 -0.000025 0.703669 0.710528
33.700001 127.113285 107.043997 0.000280 -0.000066 -0.000053 0.703904 0.710295
33.800000 127.108274 107.604134 0.000274 0.000169 0.000181 0.706873 0.707340
33.900001 127.105886 108.164434 0.000265 -0.000104 -0.000099 0.707470 0.706744
34.000000 127.107190 108.725914 0.000256 -0.000095 -0.000099 0.706945 0.707269
34.100000 127.104158 109.288632 0.000250 0.000009 0.000001 0.707897 0.706316
34.200001 127.101630 109.851754 0.000245 -0.000062 -0.000067 0.708221 0.705991
34.300000 127.099545 110.414382 0.000245 -0.000063 -0.000060 0.708294 0.705917
34.400001 127.096240 110.976016 0.000240 -0.000044 -0.000033 0.708696 0.705514
34.500000 127.092952 111.536872 0.000237 -0.000064 -0.000052 0.708906 0.705303
34.600000 127.089603 112.097613 0.000230 -0.000062 -0.000053 0.709043 0.705166
34.700001 127.081645 112.658707 0.000220 0.000040 0.000046 0.710461 0.703736
34.800000 127.075960 113.220460 0.000212 -0.000095 -0.000095 0.710474 0.703723
34.900001 127.071006 113.782717 0.000206 -0.000066 -0.000067 0.710361 0.703837
35.000000 127.064283 114.345087 0.000200 -0.000036 -0.000035 0.710798 0.703396
35.100000 127.058032 114.907159 0.000196 -0.000070 -0.000065 0.710883 0.703310
35.200001 127.051798 115.468751 0.000193 -0.000063 -0.000055 0.710950 0.703242
35.300000 127.045030 116.029992 0.000187 -0.000057 -0.000049 0.711136 0.703054
35.400001 127.038384 116.591263 0.000180 -0.000067 -0.000061 0.711191 0.702999
35.500000 127.031448 117.152808 0.000171 -0.000057 -0.000054 0.711310 0.702878
35.600000 127.022940 117.714694 0.000167 -0.000026 -0.000025 0.711842 0.702340
35.700001 127.015271 118.276735 0.000163 -0.000075 -0.000075 0.711844 0.702337
35.800000 127.007785 118.838706 0.000160 -0.000065 -0.000064 0.711810 0.702372
35.900001 126.999735 119.400426 0.000156 -0.000055 -0.000053 0.711966 0.702214
36.000000 126.991715 119.961924 0.000153 -0.000062 -0.000061 0.712037 0.702141
36.100000 126.983894 120.523361 0.000150 -0.000066 -0.000066 0.712029 0.702150
36.200001 126.975615 121.084897 0.000147 -0.000054 -0.000055 0.712156 0.702022
36.300000 126.967535 121.646616 0.000146 -0.000066 -0.000069 0.712154 0.702024
36.400001 126.959179 122.208480 0.000143 -0.000055 -0.000058 0.712239 0.701937
36.500000 126.950503 122.770351 0.000142 -0.000055 -0.000057 0.712378 0.701796
36.600000 126.941934 123.332123 0.000141 -0.000063 -0.000064 0.712415 0.701758
36.700001 126.933579 123.893751 0.000140 -0.000067 -0.000067 0.712381 0.701793
36.800000 126.924857 124.455293 0.000138 -0.000057 -0.000057 0.712462 0.701710
36.900001 126.916090 125.016852 0.000136 -0.000061 -0.000062 0.712525 0.701646
37.000000 126.907796 125.578510 0.000133 -0.000072 -0.000073 0.712427 0.701746
37.100000 126.898937 126.140251 0.000132 -0.000052 -0.000053 0.712544 0.701627
37.200001 126.890383 126.702030 0.000130 -0.000070 -0.000072 0.712501 0.701671
37.300000 126.881646 127.263787 0.000130 -0.000058 -0.000059 0.712539 0.701632
37.400001 126.872467 127.825451 0.000128 -0.000054 -0.000054 0.712688 0.701481
37.500000 126.863425 128.387070 0.000126 -0.000064 -0.000064 0.712718 0.701451
37.600000 126.854780 128.948667 0.000124 -0.000071 -0.000071 0.712629 0.701541
37.700001 126.845783 129.510308 0.000123 -0.000057 -0.000058 0.712686 0.701483
37.800000 126.836970 130.072011 0.000120 -0.000067 -0.000069 0.712660 0.701510
37.900001 126.828233 130.633745 0.000118 -0.000065 -0.000066 0.712622 0.701548
38.000000 126.819481 131.195471 0.000117 -0.000064 -0.000065 0.712617 0.701553
38.100000 126.810348 131.757174 0.000115 -0.000055 -0.000056 0.712720 0.701449
38.200001 126.801458 132.318823 0.000113 -0.000067 -0.000068 0.712699 0.701470
38.300000 126.792691 132.880458 0.000112 -0.000065 -0.000066 0.712662 0.701507
38.400001 126.783451 133.442091 0.000110 -0.000056 -0.000056 0.712760 0.701408
38.500000 126.774485 134.003764 0.000108 -0.000067 -0.000068 0.712739 0.701430
38.600000 126.765626 134.565467 0.000106 -0.000065 -0.000066 0.712702 0.701467
38.700001 126.756675 135.127200 0.000104 -0.000064 -0.000065 0.712698 0.701471
38.800000 126.747740 135.688903 0.000102 -0.000064 -0.000065 0.712698 0.701471
38.900001 126.738790 136.250583 0.000101 -0.000064 -0.000065 0.712698 0.701471
39.000000 126.729839 136.812248 0.000099 -0.000064 -0.000065 0.712698 0.701471
39.100000 126.720904 137.373897 0.000097 -0.000064 -0.000065 0.712698 0.701471
39.200001 126.711954 137.935569 0.000095 -0.000064 -0.000065 0.712698 0.701471
39.300000 126.703018 138.497257 0.000093 -0.000064 -0.000065 0.712698 0.701471
39.400001 126.694068 139.058945 0.000091 -0.000064 -0.000065 0.712698 0.701471
39.500000 126.685118 139.620632 0.000090 -0.000064 -0.000065 0.712698 0.701471
39.600000 126.676182 140.182320 0.000088 -0.000064 -0.000065 0.712698 0.701471
39.700001 126.667232 140.744003 0.000086 -0.000064 -0.000065 0.712698 0.701471
39.800000 126.658297 141.305683 0.000084 -0.000064 -0.000065 0.712698 0.701471
39.900001 126.649346 141.867367 0.000082 -0.000064 -0.000065 0.712698 0.701471
40.000000 126.640396 142.429051 0.000079 -0.000064 -0.000065 0.712698 0.701471
40.100000 126.631461 142.990735 0.000078 -0.000064 -0.000065 0.712698 0.701471
40.200001 126.622510 143.552419 0.000076 -0.000064 -0.000065 0.712698 0.701471
40.300000 126.613575 144.114099 0.000074 -0.000064 -0.000065 0.712698 0.701471
40.400001 126.604274 144.675782 0.000072 -0.000056 -0.000056 0.712800 0.701368
40.500000 126.595247 145.237462 0.000070 -0.000067 -0.000068 0.712779 0.701389
40.600000 126.586327 145.799142 0.000068 -0.000065 -0.000066 0.712742 0.701426
40.700001 126.577376 146.360826 0.000066 -0.000064 -0.000065 0.712738 0.701431
40.800000 126.568441 146.922509 0.000065 -0.000064 -0.000065 0.712738 0.701431
40.900001 126.559491 147.484193 0.000063 -0.000064 -0.000065 0.712738 0.701431
41.000000 126.550556 148.045877 0.000061 -0.000064 -0.000065 0.712738 0.701431
41.100000 126.541605 148.607557 0.000059 -0.000064 -0.000065 0.712738 0.701431
41.200001 126.532273 149.169236 0.000057 -0.000055 -0.000056 0.712840 0.701327
41.300000 126.523674 149.730921 0.000056 -0.000079 -0.000080 0.712674 0.701495
41.400001 126.514326 150.292573 0.000054 -0.000048 -0.000049 0.712812 0.701355
41.500000 126.505147 150.854238 0.000053 -0.000067 -0.000068 0.712830 0.701337
41.600000 126.496197 151.415918 0.000050 -0.000065 -0.000067 0.712784 0.701384
41.700001 126.486788 151.977601 0.000049 -0.000056 -0.000056 0.712881 0.701285
41.800000 126.477624 152.539284 0.000047 -0.000067 -0.000068 0.712859 0.701307
41.900001 126.468933 153.100968 0.000045 -0.000073 -0.000074 0.712720 0.701449
42.000000 126.459586 153.662636 0.000043 -0.000052 -0.000052 0.712839 0.701328
42.100000 126.450376 154.224297 0.000041 -0.000065 -0.000066 0.712854 0.701312
42.200001 126.441670 154.785981 0.000040 -0.000073 -0.000074 0.712719 0.701449
42.300000 126.432689 155.347665 0.000038 -0.000060 -0.000061 0.712736 0.701432
42.400001 126.423571 155.909348 0.000036 -0.000062 -0.000063 0.712772 0.701396
42.500000 126.414483 156.471032 0.000034 -0.000063 -0.000064 0.712777 0.701391
42.600000 126.405441 157.032712 0.000032 -0.000063 -0.000064 0.712777 0.701391
42.700001 126.396399 157.594395 0.000030 -0.000063 -0.000064 0.712777 0.701391
42.800000 126.387708 158.156080 0.000029 -0.000071 -0.000072 0.712675 0.701495
42.900001 126.378727 158.717763 0.000027 -0.000060 -0.000060 0.712695 0.701474
43.000000 126.369685 159.279447 0.000025 -0.000062 -0.000062 0.712732 0.701437
43.100000 126.360765 159.841127 0.000023 -0.000063 -0.000064 0.712736 0.701432
43.200001 126.351814 160.402811 0.000021 -0.000063 -0.000064 0.712736 0.701432
43.300000 126.342879 160.964495 0.000019 -0.000063 -0.000064 0.712736 0.701432
43.400001 126.333929 161.526178 0.000017 -0.000063 -0.000064 0.712736 0.701432
43.500000 126.324994 162.087858 0.000016 -0.000063 -0.000064 0.712736 0.701432
43.600000 126.316043 162.649542 0.000014 -0.000063 -0.000064 0.712736 0.701432
43.700001 126.307093 163.211222 0.000012 -0.000063 -0.000064 0.712736 0.701432
43.800000 126.298157 163.772906 0.000010 -0.000063 -0.000064 0.712736 0.701432
43.900001 126.289207 164.334586 0.000007 -0.000063 -0.000064 0.712736 0.701432
44.000000 126.280272 164.896270 0.000006 -0.000063 -0.000064 0.712736 0.701432
44.100000 126.271321 165.457953 0.000004 -0.000063 -0.000064 0.712736 0.701432
44.200001 126.262371 166.019633 0.000002 -0.000063 -0.000064 0.712736 0.701432
44.300000 126.253436 166.581302 -0.000000 -0.000063 -0.000064 0.712736 0.701432
44.400001 126.244485 167.142974 -0.000002 -0.000063 -0.000064 0.712736 0.701432
44.500000 126.235550 167.704650 -0.000004 -0.000063 -0.000064 0.712736 0.701432
44.600000 126.226600 168.266334 -0.000006 -0.000063 -0.000064 0.712736 0.701432
44.700001 126.217649 168.828018 -0.000007 -0.000063 -0.000064 0.712736 0.701432
44.800000 126.208714 169.389702 -0.000009 -0.000063 -0.000064 0.712736 0.701432
44.900001 126.199764 169.951382 -0.000011 -0.000063 -0.000064 0.712736 0.701432
45.000000 126.190828 170.513065 -0.000013 -0.000063 -0.000064 0.712736 0.701432
45.100000 126.181878 171.074734 -0.000014 -0.000063 -0.000064 0.712736 0.701432
45.200001 126.172927 171.636406 -0.000016 -0.000063 -0.000064 0.712736 0.701432
45.300000 126.163992 172.198086 -0.000017 -0.000063 -0.000064 0.712736 0.701432
45.400001 126.155042 172.759768 -0.000019 -0.000063 -0.000064 0.712736 0.701432
45.500000 126.146107 173.321452 -0.000021 -0.000063 -0.000064 0.712736 0.701432
45.600000 126.137156 173.883136 -0.000023 -0.000063 -0.000064 0.712736 0.701432
45.700001 126.128206 174.444818 -0.000025 -0.000063 -0.000064 0.712736 0.701432
45.800000 126.118874 175.006491 -0.000027 -0.000055 -0.000056 0.712840 0.701327
45.900001 126.109801 175.568164 -0.000029 -0.000067 -0.000068 0.712819 0.701348
46.000000 126.100836 176.129838 -0.000030 -0.000065 -0.000066 0.712782 0.701385
46.100000 126.091397 176.691508 -0.000032 -0.000056 -0.000056 0.712880 0.701286
46.200001 126.082233 177.253185 -0.000034 -0.000067 -0.000068 0.712859 0.701307
46.300000 126.073175 177.814867 -0.000036 -0.000065 -0.000066 0.712823 0.701344
46.400001 126.064042 178.376551 -0.000038 -0.000064 -0.000065 0.712818 0.701349
46.500000 126.054893 178.938234 -0.000040 -0.000064 -0.000065 0.712818 0.701349
46.600000 126.045760 179.499916 -0.000042 -0.000064 -0.000065 0.712818 0.701349
46.700001 126.036992 180.061600 -0.000043 -0.000071 -0.000073 0.712715 0.701454
46.800000 126.027614 180.623264 -0.000045 -0.000051 -0.000052 0.712838 0.701329
46.900001 126.018405 181.184930 -0.000047 -0.000066 -0.000067 0.712854 0.701313
47.000000 126.009332 181.746608 -0.000049 -0.000065 -0.000066 0.712822 0.701345
47.100000 126.000199 182.308292 -0.000051 -0.000064 -0.000065 0.712818 0.701349
47.200001 125.991065 182.869973 -0.000053 -0.000064 -0.000065 0.712818 0.701349
47.300000 125.981916 183.431657 -0.000056 -0.000064 -0.000065 0.712818 0.701349
47.400001 125.973301 183.993343 -0.000057 -0.000075 -0.000076 0.712672 0.701497
47.500000 125.963985 184.555005 -0.000059 -0.000050 -0.000051 0.712804 0.701363
47.600000 125.955141 185.116664 -0.000061 -0.000073 -0.000074 0.712732 0.701436
47.700001 125.945901 185.678321 -0.000063 -0.000053 -0.000054 0.712826 0.701341
47.800000 125.936752 186.239991 -0.000065 -0.000066 -0.000067 0.712838 0.701329
47.900001 125.928076 186.801683 -0.000067 -0.000073 -0.000074 0.712703 0.701466
48.000000 125.918760 187.363370 -0.000069 -0.000052 -0.000052 0.712822 0.701345
48.100000 125.909580 187.925053 -0.000071 -0.000065 -0.000067 0.712837 0.701329
48.200001 125.900553 188.486728 -0.000072 -0.000065 -0.000066 0.712805 0.701362
48.300000 125.891435 189.048392 -0.000074 -0.000064 -0.000065 0.712801 0.701366
48.400001 125.882302 189.610057 -0.000076 -0.000064 -0.000065 0.712801 0.701366
48.500000 125.873565 190.171735 -0.000077 -0.000071 -0.000073 0.712698 0.701471
48.600000 125.864599 190.733415 -0.000079 -0.000059 -0.000060 0.712719 0.701450
48.700001 125.855160 191.295093 -0.000081 -0.000054 -0.000054 0.712858 0.701308
48.800000 125.846362 191.856778 -0.000083 -0.000075 -0.000076 0.712739 0.701429
48.900001 125.837809 192.418462 -0.000084 -0.000069 -0.000070 0.712621 0.701549
49.000000 125.829224 192.980139 -0.000086 -0.000066 -0.000067 0.712572 0.701599
49.100000 125.820289 193.541817 -0.000088 -0.000057 -0.000058 0.712633 0.701537
49.200001 125.811308 194.103497 -0.000090 -0.000061 -0.000062 0.712675 0.701495
49.300000 125.802388 194.665180 -0.000092 -0.000063 -0.000064 0.712680 0.701490
49.400001 125.793850 195.226867 -0.000093 -0.000071 -0.000073 0.712578 0.701593
49.500000 125.785083 195.788548 -0.000095 -0.000060 -0.000060 0.712599 0.701572
49.600000 125.775827 196.350221 -0.000097 -0.000054 -0.000054 0.712738 0.701431
49.700001 125.766876 196.911897 -0.000099 -0.000067 -0.000068 0.712722 0.701447
49.800000 125.762885 197.473494 -0.000100 -0.000177 -0.000178 0.711279 0.702910
49.900001 125.755537 198.034838 -0.000101 -0.000011 -0.000009 0.711555 0.702630
50.000000 125.747915 198.596193 -0.000103 -0.000069 -0.000070 0.711677 0.702506
50.100000 125.742062 199.157838 -0.000105 -0.000087 -0.000090 0.711275 0.702914
50.200001 125.735064 199.719748 -0.000107 -0.000046 -0.000050 0.711385 0.702803
50.300000 125.728387 200.281763 -0.000108 -0.000069 -0.000073 0.711335 0.702853
50.400001 125.722244 200.843686 -0.000109 -0.000073 -0.000074 0.711164 0.703026
50.500001 125.715796 201.405391 -0.000110 -0.000061 -0.000061 0.711162 0.703029
50.600001 125.709119 201.966914 -0.000111 -0.000060 -0.000059 0.711219 0.702970
50.700001 125.710210 202.528058 -0.000109 -0.000242 -0.000240 0.708979 0.705229
50.800001 125.707623 203.088894 -0.000110 -0.000008 -0.000005 0.708999 0.705209
50.900001 125.702778 203.650046 -0.000114 -0.000039 -0.000042 0.709505 0.704701
51.000001 125.701014 204.211925 -0.000117 -0.000105 -0.000112 0.708901 0.705308
51.100001 125.698350 204.774308 -0.000119 -0.000047 -0.000055 0.708874 0.705335
51.200001 125.695380 205.336721 -0.000118 -0.000061 -0.000065 0.708916 0.705293
51.300001 125.693173 205.898747 -0.000117 -0.000077 -0.000077 0.708715 0.705495
51.400001 125.690769 206.460260 -0.000116 -0.000063 -0.000061 0.708676 0.705534
51.500001 125.688624 207.021482 -0.000117 -0.000072 -0.000070 0.708577 0.705633
51.600001 125.693957 207.582422 -0.000116 -0.000242 -0.000240 0.706330 0.707882
51.700001 125.695719 208.143342 -0.000117 -0.000009 -0.000009 0.706308 0.707904
51.800001 125.695360 208.704769 -0.000119 -0.000041 -0.000046 0.706753 0.707460
51.900001 125.698021 209.266883 -0.000121 -0.000104 -0.000112 0.706139 0.708074
52.000001 125.699888 209.829352 -0.000120 -0.000050 -0.000058 0.706071 0.708141
52.100001 125.701435 210.391668 -0.000118 -0.000062 -0.000066 0.706087 0.708125
52.200001 125.703882 210.953493 -0.000115 -0.000079 -0.000078 0.705860 0.708352
52.300001 125.706132 211.514851 -0.000114 -0.000065 -0.000062 0.705794 0.708417
52.400001 125.708352 212.076051 -0.000114 -0.000066 -0.000065 0.705757 0.708454
52.500001 125.715042 212.637303 -0.000114 -0.000166 -0.000166 0.704428 0.709776
52.600001 125.719367 213.198835 -0.000115 -0.000028 -0.000033 0.704476 0.709728
52.700001 125.722776 213.760724 -0.000115 -0.000054 -0.000060 0.704675 0.709531
52.800001 125.727955 214.322823 -0.000115 -0.000087 -0.000093 0.704293 0.709909
52.900001 125.732477 214.884880 -0.000113 -0.000053 -0.000057 0.704298 0.709904
53.000001 125.737046 215.446690 -0.000111 -0.000068 -0.000069 0.704263 0.709939
53.100001 125.742195 216.008236 -0.000110 -0.000074 -0.000074 0.704087 0.710113
53.200001 125.747069 216.569673 -0.000110 -0.000061 -0.000062 0.704066 0.710134
53.300001 125.752035 217.131202 -0.000109 -0.000066 -0.000068 0.704026 0.710174
53.400001 125.759015 217.692893 -0.000109 -0.000108 -0.000111 0.703419 0.710775
53.500001 125.764896 218.254739 -0.000108 -0.000046 -0.000050 0.703447 0.710748
53.600001 125.770456 218.816631 -0.000108 -0.000061 -0.000065 0.703507 0.710688
53.700001 125.776627 219.378455 -0.000106 -0.000071 -0.000073 0.703369 0.710824
53.800001 125.782859 219.940158 -0.000105 -0.000066 -0.000068 0.703291 0.710903
53.900001 125.788954 220.501768 -0.000104 -0.000062 -0.000064 0.703287 0.710906
54.000001 125.795338 221.063363 -0.000103 -0.000070 -0.000072 0.703198 0.710995
54.100001 125.801143 221.625023 -0.000103 -0.000050 -0.000053 0.703322 0.710871
54.200001 125.807604 222.186763 -0.000102 -0.000076 -0.000080 0.703182 0.711010
54.300001 125.814721 222.748550 -0.000101 -0.000077 -0.000081 0.702928 0.711261
54.400001 125.821228 223.310344 -0.000100 -0.000055 -0.000058 0.702972 0.711218
54.500001 125.827658 223.872082 -0.000098 -0.000061 -0.000063 0.703011 0.711179
54.600001 125.834485 224.433752 -0.000097 -0.000070 -0.000073 0.702904 0.711285
54.700001 125.841358 224.995396 -0.000096 -0.000066 -0.000068 0.702837 0.711351
54.800001 125.848170 225.557055 -0.000095 -0.000062 -0.000065 0.702832 0.711356
54.900001 125.854661 226.118767 -0.000094 -0.000056 -0.000059 0.702914 0.711275
55.000001 125.861778 226.680510 -0.000094 -0.000074 -0.000077 0.702779 0.711408
55.100001 125.868514 227.242262 -0.000094 -0.000055 -0.000058 0.702821 0.711367
55.200001 125.875432 227.803989 -0.000092 -0.000068 -0.000070 0.702782 0.711405
55.300001 125.882565 228.365685 -0.000091 -0.000066 -0.000069 0.702707 0.711480
55.400001 125.889712 228.927365 -0.000090 -0.000065 -0.000068 0.702662 0.711524
55.500001 125.896570 229.489049 -0.000089 -0.000057 -0.000059 0.702725 0.711462
55.600001 125.903367 230.050748 -0.000088 -0.000060 -0.000063 0.702767 0.711420
55.700001 125.910590 230.612462 -0.000087 -0.000070 -0.000073 0.702668 0.711518
55.800001 125.917555 231.174190 -0.000086 -0.000058 -0.000061 0.702690 0.711496
55.900001 125.924397 231.735919 -0.000085 -0.000061 -0.000064 0.702727 0.711460
56.000001 125.931652 232.297623 -0.000084 -0.000071 -0.000073 0.702628 0.711558
56.100001 125.938662 232.859314 -0.000083 -0.000059 -0.000061 0.702649 0.711536
56.200001 125.945947 233.421000 -0.000081 -0.000069 -0.000071 0.702582 0.711602
56.300001 125.953064 233.982692 -0.000080 -0.000058 -0.000061 0.702608 0.711577
56.400001 125.960059 234.544395 -0.000079 -0.000061 -0.000064 0.702646 0.711540
56.500001 125.967130 235.106111 -0.000078 -0.000062 -0.000065 0.702650 0.711535
56.600001 125.974201 235.667828 -0.000076 -0.000062 -0.000065 0.702650 0.711535
56.700001 125.981623 236.229539 -0.000075 -0.000071 -0.000073 0.702547 0.711637
56.800001 125.988771 236.791242 -0.000074 -0.000059 -0.000061 0.702568 0.711617
56.900001 125.995827 237.352935 -0.000073 -0.000061 -0.000063 0.702605 0.711580
57.000001 126.002898 237.914632 -0.000072 -0.000062 -0.000065 0.702610 0.711575
57.100001 126.010366 238.476334 -0.000071 -0.000071 -0.000073 0.702506 0.711678
57.200001 126.017270 239.038046 -0.000070 -0.000050 -0.000053 0.702631 0.711554
57.300001 126.024265 239.599751 -0.000069 -0.000065 -0.000067 0.702647 0.711538
57.400001 126.031443 240.161456 -0.000068 -0.000064 -0.000067 0.702615 0.711570
57.500001 126.038499 240.723161 -0.000067 -0.000063 -0.000066 0.702611 0.711574
57.600001 126.046119 241.284859 -0.000066 -0.000074 -0.000077 0.702463 0.711720
57.700001 126.053389 241.846557 -0.000065 -0.000057 -0.000060 0.702493 0.711691
57.800001 126.060170 242.408261 -0.000064 -0.000052 -0.000055 0.702649 0.711536
57.900001 126.067745 242.969959 -0.000062 -0.000078 -0.000080 0.702488 0.711696
58.000001 126.074755 243.531656 -0.000061 -0.000050 -0.000053 0.702585 0.711599
58.100001 126.081811 244.093358 -0.000060 -0.000064 -0.000067 0.702612 0.711573
58.200001 126.089386 244.655056 -0.000059 -0.000072 -0.000075 0.702477 0.711706
58.300001 126.096686 245.216761 -0.000058 -0.000059 -0.000062 0.702494 0.711690
58.400001 126.103864 245.778466 -0.000058 -0.000061 -0.000064 0.702531 0.711653
58.500001 126.111149 246.340167 -0.000057 -0.000062 -0.000065 0.702535 0.711649
58.600001 126.118419 246.901872 -0.000056 -0.000062 -0.000065 0.702535 0.711649
58.700001 126.125673 247.463578 -0.000055 -0.000062 -0.000065 0.702535 0.711649
58.800001 126.132561 248.025282 -0.000054 -0.000054 -0.000057 0.702640 0.711546
58.900001 126.140212 248.586980 -0.000052 -0.000078 -0.000080 0.702472 0.711712
59.000001 126.147253 249.148685 -0.000051 -0.000050 -0.000053 0.702569 0.711616
59.100001 126.154645 249.710390 -0.000050 -0.000072 -0.000075 0.702491 0.711692
59.200001 126.161640 250.272095 -0.000049 -0.000052 -0.000055 0.702585 0.711600
59.300001 126.168726 250.833800 -0.000048 -0.000065 -0.000068 0.702597 0.711588
59.400001 126.175996 251.395502 -0.000047 -0.000064 -0.000067 0.702564 0.711620
59.500001 126.183265 251.957207 -0.000046 -0.000063 -0.000066 0.702560 0.711624
59.600001 126.190535 252.518912 -0.000044 -0.000063 -0.000066 0.702560 0.711624
59.700001 126.197805 253.080617 -0.000043 -0.000063 -0.000066 0.702560 0.711624
59.800001 126.205059 253.642326 -0.000082 -0.000076 -0.000051 0.702560 0.711624
59.900001 126.212329 254.204035 -0.000213 -0.000111 -0.000016 0.702560 0.711624
60.000001 126.219598 254.765748 -0.000356 -0.000146 0.000019 0.702560 0.711624
60.100001 126.226441 255.327437 -0.000495 -0.000172 0.000062 0.702664 0.711522
60.200001 126.233543 255.889108 -0.000629 -0.000217 0.000083 0.702643 0.711542
60.300001 126.241255 256.450776 -0.000771 -0.000255 0.000104 0.702459 0.711724
60.400001 126.248082 257.012518 -0.001034 -0.000225 0.000134 0.702631 0.711555
60.500001 126.255031 257.574269 -0.001329 -0.000242 0.000111 0.702653 0.711533
60.600001 126.262301 258.136027 -0.001616 -0.000239 0.000109 0.702607 0.711578
60.700001 126.269845 258.697775 -0.001898 -0.000245 0.000102 0.702497 0.711687
60.800001 126.277084 259.259514 -0.002179 -0.000231 0.000114 0.702517 0.711667
60.900001 126.284171 259.821235 -0.002456 -0.000233 0.000112 0.702554 0.711630
61.000001 126.291425 260.382959 -0.002730 -0.000235 0.000110 0.702559 0.711626
61.100001 126.298695 260.944698 -0.003004 -0.000235 0.000109 0.702560 0.711625
61.200001 126.305964 261.506449 -0.003278 -0.000235 0.000109 0.702560 0.711625
61.300001 126.313219 262.068204 -0.003552 -0.000235 0.000109 0.702560 0.711625
61.400001 126.320488 262.629955 -0.003826 -0.000235 0.000109 0.702560 0.711625
61.500001 126.327758 263.191691 -0.004099 -0.000235 0.000109 0.702560 0.711625
61.600001 126.335027 263.753419 -0.004373 -0.000235 0.000109 0.702560 0.711625
61.700001 126.342297 264.315162 -0.004646 -0.000235 0.000109 0.702560 0.711625
61.800001 126.349124 264.876909 -0.004921 -0.000226 0.000117 0.702663 0.711522
61.900001 126.356241 265.438640 -0.005194 -0.000238 0.000105 0.702642 0.711543
62.000001 126.363785 266.000342 -0.005473 -0.000247 0.000101 0.702501 0.711683
62.100001 126.371025 266.562093 -0.005941 -0.000291 0.000173 0.702517 0.711667
62.200001 126.378157 267.123905 -0.006501 -0.000364 0.000243 0.702553 0.711631
62.300001 126.385396 267.685694 -0.007060 -0.000434 0.000312 0.702558 0.711626
62.400001 126.392666 268.247399 -0.007605 -0.000501 0.000380 0.702559 0.711625
62.500001 126.399920 268.809036 -0.008143 -0.000567 0.000446 0.702559 0.711625
62.600001 126.407190 269.370729 -0.008820 -0.000596 0.000475 0.702559 0.711625
62.700001 126.414444 269.932515 -0.009669 -0.000590 0.000469 0.702559 0.711625
62.800001 126.421714 270.494346 -0.010529 -0.000585 0.000464 0.702559 0.711625
62.900001 126.428984 271.056207 -0.011374 -0.000582 0.000462 0.702559 0.711625
63.000001 126.436253 271.618031 -0.012211 -0.000581 0.000460 0.702559 0.711625
63.100001 126.443111 272.179831 -0.013041 -0.000572 0.000467 0.702663 0.711522
63.200001 126.450213 272.741600 -0.013869 -0.000584 0.000455 0.702642 0.711543
63.300001 126.457421 273.303355 -0.014693 -0.000581 0.000457 0.702605 0.711580
63.400001 126.464508 273.865140 -0.015517 -0.000580 0.000458 0.702601 0.711584
63.500001 126.471579 274.426940 -0.016342 -0.000580 0.000458 0.702601 0.711584
63.600001 126.478650 274.988764 -0.017165 -0.000579 0.000458 0.702600 0.711585
63.700001 126.486179 275.550572 -0.017988 -0.000587 0.000450 0.702496 0.711688
63.800001 126.493068 276.112372 -0.018812 -0.000567 0.000470 0.702621 0.711564
63.900001 126.500093 276.674157 -0.019635 -0.000581 0.000456 0.702637 0.711548
64.000001 126.507622 277.235912 -0.020459 -0.000589 0.000448 0.702500 0.711683
64.100001 126.514892 277.797690 -0.021282 -0.000575 0.000462 0.702517 0.711667
64.200001 126.522009 278.359490 -0.022105 -0.000577 0.000460 0.702554 0.711630
64.300001 126.529233 278.921306 -0.022999 -0.000603 0.000482 0.702558 0.711626
64.400001 126.536502 279.483145 -0.024084 -0.000673 0.000553 0.702559 0.711625
64.500001 126.543757 280.044961 -0.025197 -0.000743 0.000624 0.702558 0.711625
64.600001 126.551027 280.606708 -0.026301 -0.000811 0.000693 0.702558 0.711625
64.700001 126.558296 281.168409 -0.027390 -0.000877 0.000760 0.702558 0.711625
64.800001 126.565566 281.730110 -0.028497 -0.000937 0.000821 0.702558 0.711625
64.900001 126.572836 282.291957 -0.029846 -0.000939 0.000822 0.702558 0.711625
65.000001 126.580090 282.853864 -0.031257 -0.000932 0.000816 0.702558 0.711625
65.100001 126.587360 283.415764 -0.032662 -0.000929 0.000812 0.702558 0.711625
65.200001 126.594630 283.977648 -0.034053 -0.000926 0.000810 0.702558 0.711625
65.300001 126.601899 284.539495 -0.035435 -0.000925 0.000809 0.702558 0.711625
65.400001 126.609169 285.101326 -0.036814 -0.000924 0.000808 0.702558 0.711625
65.500001 126.616423 285.663157 -0.038189 -0.000924 0.000808 0.702558 0.711625
65.600001 126.623693 286.225026 -0.039564 -0.000924 0.000808 0.702558 0.711625
65.700001 126.630963 286.786903 -0.040939 -0.000924 0.000807 0.702558 0.711625
65.800001 126.638232 287.348780 -0.042312 -0.000924 0.000807 0.702558 0.711625
65.900001 126.645502 287.910656 -0.043685 -0.000924 0.000807 0.702558 0.711625
66.000001 126.652756 288.472533 -0.045058 -0.000924 0.000807 0.702558 0.711625
66.100001 126.660026 289.034357 -0.046431 -0.000924 0.000807 0.702558 0.711625
66.200001 126.667296 289.596180 -0.047805 -0.000924 0.000807 0.702558 0.711625
66.300001 126.674565 290.158049 -0.049179 -0.000924 0.000807 0.702558 0.711625
66.400001 126.681835 290.719926 -0.050551 -0.000924 0.000807 0.702558 0.711625
66.500001 126.689089 291.281803 -0.051927 -0.000925 0.000808 0.702558 0.711625
66.600001 126.696359 291.843687 -0.053487 -0.000981 0.000865 0.702558 0.711625
66.700001 126.703629 292.405580 -0.055147 -0.001052 0.000937 0.702558 0.711625
66.800001 126.710898 292.967456 -0.056805 -0.001121 0.001007 0.702558 0.711625
66.900001 126.718168 293.529272 -0.058451 -0.001188 0.001075 0.702558 0.711625
67.000001 126.725423 294.091027 -0.060089 -0.001254 0.001142 0.702558 0.711625
67.100001 126.732693 294.652858 -0.061848 -0.001286 0.001174 0.702558 0.711625
67.200001 126.739962 295.214804 -0.063799 -0.001280 0.001168 0.702558 0.711625
67.300001 126.747232 295.776780 -0.065761 -0.001275 0.001163 0.702558 0.711625
67.400001 126.754501 296.338748 -0.067707 -0.001272 0.001160 0.702558 0.711625
67.500001 126.761756 296.900678 -0.069645 -0.001270 0.001158 0.702558 0.711625
67.600001 126.767896 297.462554 -0.071575 -0.001244 0.001182 0.702869 0.711317
67.700001 126.774769 298.024430 -0.073500 -0.001280 0.001145 0.702807 0.711379
67.800001 126.781993 298.586314 -0.075425 -0.001273 0.001151 0.702695 0.711489
67.900001 126.788287 299.148236 -0.077349 -0.001250 0.001174 0.702913 0.711273
68.000001 126.795022 299.710188 -0.079274 -0.001276 0.001148 0.702865 0.711321
68.100001 126.802048 300.272171 -0.081196 -0.001271 0.001152 0.702782 0.711403
68.200001 126.808585 300.834124 -0.083121 -0.001260 0.001164 0.702876 0.711311
68.300001 126.815320 301.396045 -0.085043 -0.001271 0.001152 0.702854 0.711333
68.400001 126.822209 301.957929 -0.086966 -0.001269 0.001155 0.702816 0.711369
68.500001 126.814664 302.518383 -0.088881 -0.000884 0.001555 0.707144 0.707067
68.600001 126.803230 303.077672 -0.090799 -0.001171 0.001264 0.710130 0.704069
68.700001 126.805420 303.638069 -0.092724 -0.001445 0.000977 0.708018 0.706193
68.800001 126.803077 304.199956 -0.094656 -0.001183 0.001232 0.708403 0.705806
68.900001 126.797604 304.763136 -0.096598 -0.001216 0.001202 0.709332 0.704872
69.000001 126.795472 305.326794 -0.098634 -0.001345 0.001149 0.708897 0.705309
69.100001 126.791785 305.889732 -0.100699 -0.001309 0.001254 0.709155 0.705050
69.200001 126.787427 306.451380 -0.102671 -0.001344 0.001248 0.709450 0.704754
69.300001 126.783956 307.012166 -0.104807 -0.001433 0.001282 0.709373 0.704830
69.400001 126.763353 307.570573 -0.106826 -0.001004 0.001765 0.714424 0.699710
69.500001 126.736860 308.128431 -0.108939 -0.001318 0.001502 0.718341 0.695688
69.600001 126.722815 308.689280 -0.111480 -0.001665 0.001217 0.717082 0.696986
69.700001 126.703335 309.252068 -0.113629 -0.001430 0.001482 0.718159 0.695876
69.800001 126.679886 309.815865 -0.115927 -0.001473 0.001439 0.719700 0.694282
69.900001 126.658879 310.379444 -0.118240 -0.001600 0.001378 0.719849 0.694128
70.000001 126.636074 310.941319 -0.120367 -0.001551 0.001450 0.720521 0.693430
70.100001 126.611973 311.501728 -0.122842 -0.001495 0.001358 0.721222 0.692701
70.200001 126.588134 312.061389 -0.125119 -0.001517 0.001318 0.721561 0.692348
70.300001 126.549037 312.619123 -0.127545 -0.001228 0.001829 0.726246 0.687432
70.400001 126.502663 313.176596 -0.130181 -0.001471 0.001561 0.730325 0.683097
70.500001 126.466096 313.737316 -0.132434 -0.001709 0.001305 0.729930 0.683519
70.600001 126.422889 314.299271 -0.134832 -0.001577 0.001592 0.731695 0.681628
70.700001 126.376234 314.861428 -0.137139 -0.001657 0.001554 0.733489 0.679698
70.800001 126.330938 315.422991 -0.139653 -0.001730 0.001468 0.734113 0.679023
70.900001 126.283370 315.982865 -0.142474 -0.001673 0.001485 0.735163 0.677887
71.000001 126.234355 316.541242 -0.144832 -0.001701 0.001478 0.736125 0.676842
71.100001 126.185020 317.099466 -0.147296 -0.001686 0.001431 0.736749 0.676162
71.200001 126.134417 317.658467 -0.149775 -0.001667 0.001422 0.737437 0.675412
71.300001 126.067368 318.215096 -0.152337 -0.001358 0.001939 0.742544 0.669793
71.400001 125.992035 318.770455 -0.155053 -0.001553 0.001636 0.747094 0.664714
71.500001 125.927532 319.328582 -0.157591 -0.001883 0.001334 0.746717 0.665138
71.600001 125.856530 319.886640 -0.160398 -0.001788 0.001692 0.748448 0.663189
71.700001 125.781057 320.444380 -0.162954 -0.001852 0.001668 0.750460 0.660911
71.800001 125.707201 321.002251 -0.165581 -0.001897 0.001542 0.751136 0.660143
71.900001 125.630874 321.559127 -0.168207 -0.001833 0.001592 0.752238 0.658887
72.000001 125.552840 322.115177 -0.170807 -0.001914 0.001581 0.753294 0.657679
72.100001 125.474439 322.671257 -0.174160 -0.001965 0.001561 0.753976 0.656898
72.200001 125.380541 323.223273 -0.177032 -0.001580 0.002006 0.758778 0.651345
72.300001 125.278971 323.773043 -0.179642 -0.001842 0.001766 0.762998 0.646396
72.400001 125.186627 324.326533 -0.182430 -0.002145 0.001533 0.762888 0.646525
72.500001 125.087263 324.880533 -0.185068 -0.001949 0.001784 0.764789 0.644275
72.600001 124.983978 325.434940 -0.188129 -0.001904 0.001633 0.766699 0.642002
72.700001 124.881837 325.989272 -0.191032 -0.001948 0.001528 0.767464 0.641088
72.800001 124.777318 326.541838 -0.193982 -0.002042 0.001659 0.768613 0.639708
72.900001 124.671290 327.092999 -0.197287 -0.002087 0.001640 0.769663 0.638445
73.000001 124.564866 327.643404 -0.200086 -0.002109 0.001623 0.770382 0.637577
73.100001 124.456947 328.193913 -0.202791 -0.002109 0.001643 0.771145 0.636654
73.200001 124.332860 328.740129 -0.205522 -0.001746 0.002133 0.776063 0.630649
73.300001 124.200413 329.284297 -0.208665 -0.002022 0.001865 0.780455 0.625205
73.400001 124.078412 329.833064 -0.212074 -0.002199 0.001448 0.780126 0.625617
73.500001 123.949973 330.381112 -0.215062 -0.002033 0.001721 0.781788 0.623538
73.600001 123.816821 330.928338 -0.218333 -0.002233 0.001791 0.783750 0.621069
73.700001 123.685377 331.475674 -0.221336 -0.002347 0.001725 0.784412 0.620234
73.800001 123.551616 332.021549 -0.224354 -0.002271 0.001753 0.785481 0.618879
73.900001 123.416132 332.566247 -0.227440 -0.002256 0.001714 0.786514 0.617565
74.000001 123.280358 333.110654 -0.230434 -0.002329 0.001693 0.787178 0.616720
74.100001 123.129531 333.650006 -0.234257 -0.002028 0.002179 0.791682 0.610926
74.200001 122.971139 334.186648 -0.237701 -0.002219 0.001868 0.795640 0.605763
74.300001 122.821560 334.727817 -0.240693 -0.002438 0.001589 0.795545 0.605887
74.400001 122.665040 335.268551 -0.243672 -0.002257 0.001857 0.797338 0.603526
74.500001 122.504613 335.808943 -0.246739 -0.002356 0.001802 0.799137 0.601142
74.600001 122.345239 336.349657 -0.250709 -0.002478 0.001738 0.799865 0.600172
74.700001 122.183625 336.888400 -0.254309 -0.002427 0.001760 0.800954 0.598719
74.800001 122.020731 337.425264 -0.257397 -0.002457 0.001753 0.801944 0.597392
74.900001 121.857487 337.961518 -0.260464 -0.002484 0.001746 0.802620 0.596483
75.000001 121.679344 338.491725 -0.263602 -0.002185 0.002239 0.807034 0.590496
75.100001 121.493498 339.019541 -0.267662 -0.002447 0.001974 0.810935 0.585128
75.200001 121.316570 339.553030 -0.271428 -0.002641 0.001613 0.810745 0.585392
75.300001 121.132793 340.085609 -0.274645 -0.002458 0.001891 0.812409 0.583080
75.400001 120.945095 340.617238 -0.277831 -0.002520 0.001846 0.814149 0.580648
75.500001 120.758817 341.148822 -0.281089 -0.002633 0.001768 0.814802 0.579730
75.600001 120.570359 341.678573 -0.285271 -0.002673 0.001843 0.815819 0.578298
75.700001 120.380621 342.206689 -0.289159 -0.002662 0.001785 0.816754 0.576977
75.800001 120.190564 342.734133 -0.292468 -0.002685 0.001772 0.817381 0.576088
75.900001 119.999073 343.261606 -0.295740 -0.002685 0.001796 0.818055 0.575131
76.000001 119.792255 343.782437 -0.299080 -0.002392 0.002303 0.822479 0.568785
